-26.89097887386522	
71.96118091621524	
127.3373166900927	
58.308926617777715	
-39.30803635458646	
-40.88889776075542	
29.829488512642584	
55.015157401193854	
4.3156493920669865	
-39.43328542574397	
-26.66502840484345	
-9.631116161581977	
-33.21432007202303	
-46.83938892937855	
7.758683881366784	
80.64904143664143	
73.11659412137081	
-10.28795082739204	
-60.417060193311386	
-24.101394163098384	
20.002194739117574	
-12.509377095020154	
-80.98227001099188	
-85.82672888033846	
-23.803169124156394	
10.955396375629817	
-22.382509473043314	
-48.06752187030054	
4.09414877660119	
84.49191029654207	
95.96955250264068	
38.866922934696966	
3.92057386904807	
27.674512468331432	
38.5814312556454	
-21.718413817116495	
-92.69462317919368	
-74.81930470004554	
20.415869581879118	
77.70546582136149	
36.27725025127628	
-31.513793039085414	
-31.425643990945648	
20.87677111466291	
36.648368245493806	
-8.440745693837501	
-44.77313430982209	
-20.184610506033113	
25.145283170641083	
27.743955288570774	
-3.2934594316394974	
-10.245055826051898	
17.954634083389713	
32.32088264531079	
5.81351951518358	
-25.66417255204771	
-24.78946382971869	
-11.18688479907943	
-22.51109014392009	
-46.953214410275386	
-40.792507101404865	
-2.3466238837002766	
19.68815044190777	
-1.2587762996115983	
-31.50335538515072	
-31.68518245380781	
-14.403806594526708	
-16.012768068743316	
-35.31317437439728	
-40.101781681345784	
-24.282663257955235	
-15.180338707495803	
-19.879238337635112	
-7.547613263182284	
34.03630066553931	
61.304171979323	
32.03282664670783	
-20.621643608097816	
-18.89965143521405	
50.82828230978318	
103.58057753392028	
56.75335223074399	
-58.11931135476841	
-119.54556806756621	
-52.12721349814378	
86.63672982486744	
167.24437681261043	
124.37992638699086	
19.29604700976041	
-32.514614853036775	
15.206904135817727	
98.03098827713534	
121.81473660644535	
69.55478034892174	
9.463420082659544	
0.7755044273522961	
21.572697450408217	
10.693359156146853	
-39.99568835562549	
-74.46643317788165	
-56.205527134240526	
-23.32551798027243	
-34.12736328354044	
-82.68722476363688	
-107.52721588614331	
-80.18329889926332	
-45.311617786557505	
-55.364252145720556	
-92.80094695087028	
-87.84752163404406	
-8.042396884313215	
95.29208391569931	
137.02296201676197	
81.8102087337371	
-27.009514913040743	
-110.13943253121184	
-115.8243588738469	
-51.14036476642699	
32.737623679152726	
80.88822073331355	
69.88665656784582	
17.63762937778714	
-33.01476350732639	
-43.56496476268455	
-5.171191884293056	
55.056124584165616	
93.98321310291095	
85.79492434093696	
39.054192979750546	
-17.606095307549648	
-60.009062144113614	
-75.00444823095205	
-55.85723971134154	
-10.96859928040119	
25.43933446370245	
18.089575791885117	
-21.196315352703582	
-33.331301041431544	
15.816956971718895	
79.40549503299272	
80.80086009511	
17.023940752064476	
-31.132662822913822	
-7.40536569490884	
42.36405550978139	
37.04091639078648	
-23.386967753385484	
-61.27660899928456	
-37.30474175565152	
-5.147280615923443	
-25.61711026759463	
-72.36874438640731	
-70.04711194132088	
-4.378698765439998	
59.3758486182626	
69.53459020929023	
49.827548346484264	
46.97346529167433	
56.63359670250786	
40.96141373939952	
-0.23785349790929106	
-23.26698387994724	
-10.019691087893845	
-2.6314788922254717	
-43.374395608261345	
-102.86494828478442	
-102.88931589877461	
-11.799601918739615	
108.67508561680489	
165.09394430708986	
127.85713918284388	
50.75369034892488	
2.5622901841360486	
-0.3616977475025791	
12.025472525746137	
15.68619397242661	
13.679112040363405	
8.090037963266806	
-18.902671206032164	
-75.35418786023527	
-126.9712427151398	
-124.27094625981785	
-64.26541504306225	
0.5692912374946809	
24.449045611432673	
15.313359248527826	
2.642071641362127	
-16.345367545903308	
-62.559351214090555	
-116.78433060029826	
-121.20554526230842	
-55.28940487039156	
24.879212367640115	
52.60200720542841	
34.12640554826516	
30.66371902587053	
67.2055475408111	
100.77420599879716	
86.85533236150434	
39.3268000603688	
1.2647640821934814	
-16.587319372700957	
-35.527120232962616	
-60.37530422806913	
-67.45481404292376	
-43.86874075769204	
-8.399771829538622	
19.00809689717664	
44.80751611062381	
79.8538670170086	
106.30452192571241	
92.4658750252705	
38.817789269430484	
-12.619326650577054	
-22.592283145635232	
3.936274286936204	
28.17318547982119	
20.50452573684388	
-15.9371927520636	
-59.11888891613511	
-92.12365713605263	
-107.38604939745662	
-94.18146700874478	
-37.41691910411731	
58.67813505329027	
149.32323359640927	
171.76803026649907	
105.45419045937444	
3.089729810653777	
-56.907039597659825	
-51.32724485911533	
-29.494100271625488	
-44.48186982028096	
-86.23610823647633	
-99.99368018059869	
-59.186838685302845	
3.6578986250770353	
39.11536907064374	
33.52970456631103	
11.772620135748582	
1.9769152456208456	
9.131902044607466	
17.27873464398254	
9.092775555393484	
-14.850395951331215	
-34.57056810695801	
-33.66955676732698	
-21.52267931330819	
-18.859880034169628	
-21.398012218553163	
-2.114939043883275	
38.46795578698266	
54.103398324979345	
17.074762878226103	
-21.465743662650702	
12.177959327869074	
96.81704091201931	
116.90433377952927	
14.055169464226802	
-112.06740420946615	
