9819.707031  
9944.629883  
9969.105469  
9925.31543  
9781.421875  
9859.107422  
9831.43457  
9945.806641  
9840.616211  
9774.466797  
9893.756836  
9789.78418  
9783.016602  
9878.536133  
9823.071289  
9842.842773  
10053.49609  
9746.685547  
9787.898438  
9819.155273  
9889.168945  
9808.758789  
9730.716797  
9767.275391  
9858.652344  
9792.504883  
9795.839844  
9847.413086  
9827.835938  
9868.169922  
9950.330078  
9920.4375  
9780.123047  
9862.46582  
9888.452148  
9823.328125  
9695.504883  
9805.489258  
9780.302734  
10005.05176  
9792.987305  
9810.524414  
9825.458008  
9826.102539  
9889.587891  
9816.973633  
9749.74707  
9869.995117  
9833.87793  
9865.254883  
9784.280273  
9887.532227  
9849.756836  
9818.702148  
9876.092773  
9758.414062  
9949.543945  
9669.631836  
9863.450195  
9832.390625  
9784.716797  
9808.023438  
9869.943359  
9844.268555  
9823.064453  
9807.111328  
9804.560547  
9828.486328  
9830.882812  
9815.135742  
9781.216797  
9839.105469  
9798.139648  
9940.916016  
9803.703125  
9814.960938  
10058.40918  
9711.59375  
9891.765625  
9794.046875  
10017.06152  
9933.833984  
9765.509766  
9666.105469  
9786.032227  
10076.89648  
9914.629883  
9869.578125  
10009.8125  
9786.259766  
9806.201172  
9964.042969  
9953.783203  
9926.326172  
9853.332031  
9848.374023  
9796.660156  
9927.732422  
9754.632812  
9820.436523  
9726.807617  
9745.076172  
10000.11719  
9621.547852  
9714.772461  
9796.220703  
9795.926758  
9812.944336  
9695.155273  
9696.422852  
9949.349609  
9900.000977  
9938.241211  
9894.875  
9852.376953  
9819.474609  
9552.772461  
9858.3125  
9929.337891  
9846.382812  
9977.646484  
9789.203125  
9828.580078  
9869.521484  
9766.494141  
9913.548828  
9926.306641  
10021.0791  
9768.567383  
9895.34082  
9806.249023  
9736.162109  
9799.480469  
9871.301758  
9893.695312  
9803.231445  
9862.783203  
9908.644531  
9758.199219  
9994.399414  
9916.570312  
9921.664062  
9796.741211  
9866.46582  
9881.00293  
9909.443359  
9904.28418  
9749.783203  
9749.930664  
9987.925781  
9848.682617  
9653.736328  
9917.009766  
9796.859375  
9973.724609  
9939.099609  
9844.344727  
9945.858398  
9949.296875  
9944.672852  
9733.24707  
9896.996094  
9904.133789  
9859.795898  
9726.229492  
9771.619141  
9852.03125  
9793.015625  
9927.995117  
10041.31348  
9967.963867  
10006.49609  
9727.993164  
9843.444336  
9968.945312  
9794.841797  
9887.589844  
9783.729492  
9903.630859  
9742.363281  
9729.741211  
9667.52832  
9769.012695  
9942.923828  
9783.871094  
9768.988281  
9999  
9738.55957  
9734.522461  
9759.761719  
9685.680664  
9844.037109  
9724.473633  
9943.371094  
9942.210938  
9735.162109  
9923.888672  
9939.338867  
9965.400391  
9783.056641  
9827.867188  
9843.848633  
9816.942383  
9704.68457  
9762.856445  
9779.167969  
9882.942383  
9782.199219  
9843.272461  
9959.466797  
9914.166992  
9957.592773  
9777.441406  
9855.294922  
9858.853516  
9771.402344  
9866.246094  
9859.493164  
9788.995117  
9839.244141  
9688.393555  
9697.554688  
9774.147461  
9845.523438  
9809.955078  
10025.16406  
9973.125  
10010.40137  
9802.938477  
9769.145508  
9756.483398  
9912.021484  
9736.90918  
9719.938477  
9780.689453  
9790.875977  
9858.892578  
9833.414062  
9878.106445  
9938.417969  
9765.646484  
9881.371094  
9845.067383  
9914.233398  
9780.435547  
9775.459961  
9947.451172  
9704.817383  
9829.40625  
9932.043945  
9772.669922  
9867.004883  
9949.828125  
9859.599609  
9868.655273  
9727.605469  
10087.00684  
9977.260742  
9730.643555  
9819.999023  
