0.000 0.0
0.145 0.498
0.290 0.998
0.435 0.355
0.580 0.855
0.725 0.213
0.870 0.713
1.015 0.07
0.072 0.57
0.217 1.068
0.362 0.428
0.507 0.925
0.652 0.285
0.797 0.782
0.942 0.142
1.087 0.64
0.000 0.0
0.145 0.498
0.290 0.998
0.435 0.355
0.580 0.855
0.725 0.213
0.870 0.713
1.015 0.07
0.072 0.57
0.217 1.068
0.362 0.428
0.507 0.925
0.652 0.285
0.797 0.782
0.942 0.142
1.087 0.64
0.000 0.0
0.145 0.498
0.290 0.998
0.435 0.355
0.580 0.855
0.725 0.213
0.870 0.713
1.015 0.07
0.072 0.57
0.217 1.068
0.362 0.428
0.507 0.925
0.652 0.285
0.797 0.782
0.942 0.142
1.087 0.64
0.000 0.0
0.145 0.498
0.290 0.998
0.435 0.355
0.580 0.855
0.725 0.213
0.870 0.713
1.015 0.07
0.072 0.57
0.217 1.068
0.362 0.428
0.507 0.925
0.652 0.285
0.797 0.782
0.942 0.142
1.087 0.64
