0.0843642
0.0944238
0.0929153
0.0891934
0.0907458
0.0922928
0.10198
0.0935843
0.0934364
0.0867466
0.090947
0.0850152
0.087132
0.0904588
0.08964
0.0891232
0.087965
0.0831081
0.0841631
0.0848717
0.0814532
0.0851914
0.0876517
0.0772205
0.0828611
0.0771887
0.0921485
0.0850432
0.0954775
0.0914219
0.0933548
0.0892664
0.0772245
0.0847661
0.0812371
0.0772421
0.0806501
0.0800357
0.0772332
0.0772237
0.0772454
0.0839856
0.0772324
0.0772251
0.0772272
0.088447
0.0851574
0.0942453
0.0857232
0.0867888
0.0772749
0.0853039
0.0857792
0.0939713
0.0898
0.085421
0.0772591
0.0773161
0.0772945
0.0772903
0.077279
0.0772606
0.0854032
0.0772394
0.077257
0.0772801
0.0772707
0.0772848
0.0772769
0.0772714
0.0772586
0.0805189
0.0816643
0.0772394
0.0772489
0.0772641
0.0772513
0.0772555
0.0805724
0.0772497
0.0772991
0.0773026
0.0745526
0.0710144
0.0773131
0.0773074
0.0773221
0.0773138
0.08364
0.0773127
0.0773335
0.077331
0.0772929
0.0772942
0.0773117
0.0718201
0.073299
0.0773203
0.0773203
0.0773334
0.0773312
0.0773342
0.0773354
0.0773503
0.0773318
0.0773218
0.0773214
0.0773235
0.077312
0.0728308
0.0743566
0.0773333
0.0773297
0.0773353
0.0711307
0.0719687
0.0613164
0.0613164
0.0695455
0.0779695
0.0689698
0.0772222
0.0700769
0.0666057
0.0670534
0.0689793
0.0696249
0.0701873
0.0749681
0.0613031
0.0613116
0.0613147
0.061297
0.0613075
0.0673469
0.0613014
0.0613004
0.0613131
0.0613172
0.0655104
0.0613054
0.0613256
0.0613109
0.0613189
0.0613142
0.0713552
0.061309
0.0612846
0.0475381
0.0613022
0.0585045
0.0650175
0.0612986
0.0612872
0.049892
0.0430004
0.0506485
0.0573649
0.0578074
0.0583493
0.0586235
0.0529218
0.0429963
0.0506151
0.0503099
0.0464893
0.0505431
0.0429818
0.050149
0.0429888
0.0429846
0.0429865
0.0429724
0.0406998
0.0429418
0.0429581
0.0429605
0.042946
0.0429421
0.0429482
0.0429308
0.0429461
0.04296
0.0429886
0.0429904
0.042974
0.0429404
0.0429272
0.042943
0.0429604
0.0429779
0.0429806
0.0429779
0.0429822
0.0429822
0.0429781
0.0429785
0.0429786
0.0430069
0.0429809
0.0429784
0.042982
0.0382182
0.0390744
0.0292264
0.0366186
0.0429819
0.0429932
0.0430157
0.042988
0.0393221
0.0400658
0.033211
0.0262173
0.0261806
0.0261915
0.0313329
0.0261993
0.0262279
0.0262027
0.0307395
0.0291772
0.0262209
0.0262144
0.0262279
0.0262186
0.0262268
0.0262303
0.0230524
0.0225242
0.0241668
0.0163578
0.0227371
0.026233
0.0262264
0.0136091
0.013538
0.0219462
0.0225422
0.026234
0.009191
0.0106861
0.0123641
0.011323
0.0105859
0.0101362
0.0185552
0.011573
0.0101928
0.0122602
0.0262124
0.0130326
0.0101515
0.0187166
0.012223
0.00921699
0.0166034
0.00923479
0.00923805
0.00924942
-0.000322753
0.00555454
0.00925093
0.00926664
0.00592051
0.00614036
-0.00328172
0.0113201
0.00925821
0.00926926
0.00925995
0.00925783
0.00924175
0.00924532
0.00924363
0.00925076
-0.00785071
-0.00785723
-0.00357218
-0.000462617
-0.00783973
-0.00784752
-0.00784446
-0.00233167
9.32664e-05
-0.00113323
0.00809124
0.00245267
0.00368858
0.010873
0.00817027
0.00413025
-0.00375576
0.00457007
-0.00782951
-0.00340807
0.00387964
-0.00352665
-0.00782834
-0.00227793
0.0028841
0.000470983
-0.0078046
0.000423109
-0.0078295
-0.00782889
0.00244229
-0.00782614
-0.00782951
-0.0052042
-0.00163481
0.000212692
-0.000137594
-0.00374645
-0.00783257
-0.00783729
-0.0078277
-0.0078324
0.000293942
-0.000786463
-0.00369719
-0.00178039
-0.00785643
-0.00784178
-0.00784101
-0.00303684
0.000862618
-0.00782715
-0.0078376
-0.0078326
-0.00227854
0.00705278
0.00106303
0.00650799
0.00852804
0.000108197
-0.00498769
-0.00568151
0.000111821
-0.00782988
0.00476834
0.000523352
-0.00185872
-0.00779734
-0.00781802
-0.00780188
-0.00779641
-0.00780094
-0.00779245
-0.00778936
-0.00781205
0.00313891
-0.00781148
-0.00780984
-0.00778293
-0.00778288
-0.0077863
-0.00778275
-0.00777089
-0.00775535
-0.00435553
-0.00778163
-0.00776548
-0.00180151
-0.00537482
-0.0077611
-0.00777891
-0.0077879
-0.0120656
-0.00779022
-0.00779634
-0.00779715
-0.00780304
-0.00778197
-0.0100931
-0.00776672
-0.0101614
-0.00775818
-0.0119359
-0.0111348
-0.0123164
-0.0174592
-0.0107799
-0.0121471
-0.0139582
-0.0183387
-0.0231377
-0.0241196
-0.0250397
-0.0250341
-0.025023
-0.039908
-0.0341504
-0.0301467
-0.0250544
-0.0250439
-0.0250451
-0.0250254
-0.0168114
-0.0222322
-0.0201026
-0.0183804
-0.0250025
-0.0250279
-0.0250306
-0.0250353
-0.0250268
-0.0286201
-0.0250375
-0.0250425
-0.0250433
-0.0250338
-0.0285728
-0.0289282
-0.0373962
-0.0250432
-0.0250295
-0.030725
-0.0294591
-0.0286329
-0.0304322
-0.0250235
-0.0250101
-0.0309178
-0.0418974
-0.0417664
-0.0417676
-0.0417595
-0.0417595
-0.0417595
-0.0417535
-0.0417595
-0.034957
-0.0374757
-0.0298667
-0.0417533
-0.0417623
-0.0417595
-0.0391044
-0.0417617
-0.0417623
-0.0417608
-0.0417605
-0.0417595
-0.0466673
-0.0478481
-0.0417633
-0.0417884
-0.0418048
-0.0461362
-0.047933
-0.048353
-0.0530882
-0.0547104
-0.0495583
-0.0484248
-0.0508922
-0.0578486
-0.0591153
-0.0578536
-0.059324
-0.0629623
-0.0593252
-0.0593202
-0.0593208
-0.0593208
-0.0593141
-0.0593208
-0.0762918
-0.0661235
-0.0632136
-0.0641084
-0.0635938
-0.0593216
-0.0635425
-0.0666504
-0.0639979
-0.0746327
-0.0593305
-0.0593305
-0.0593309
-0.0593305
-0.0593256
-0.0615959
-0.0629075
-0.05933
-0.0593331
-0.0640174
-0.0619783
-0.0631147
-0.0593402
-0.0697373
-0.0706527
-0.0728629
-0.0666795
-0.0648937
-0.0652092
-0.0628735
-0.0593573
-0.0722053
-0.070238
-0.0756669
-0.0755762
-0.0755638
-0.0755611
-0.0803473
-0.0755546
-0.0755533
-0.0729219
-0.0732324
-0.0755672
-0.0755655
-0.0778895
-0.0755638
-0.0791906
-0.0755582
-0.0805029
-0.0845868
