0.115726
0.136899
0.100896
0.0987962
0.109196
0.122333
0.122314
0.122323
0.122305
0.162239
0.167193
0.12124
0.126264
0.138046
0.140184
0.145228
0.197272
0.21031
0.150723
0.14257
0.153245
0.144946
0.162612
0.188994
0.153821
0.140533
0.155875
0.15262
0.158007
0.154168
0.166679
0.189771
0.152227
0.131572
0.131365
0.130462
0.130547
0.130561
0.130533
0.172129
0.186737
0.116009
0.12408
0.132882
0.129779
0.110571
0.119032
0.119153
0.170291
0.200336
0.139734
0.117871
0.13143
0.139749
0.139747
0.139763
0.18221
0.212511
0.155695
0.133327
0.145522
0.141556
0.138447
0.160457
0.210543
0.180863
0.161161
0.147781
0.140508
0.141923
0.137035
0.139917
0.143892
0.191416
0.191425
0.13747
0.147241
0.158716
0.145949
0.148341
0.187627
0.187656
0.139551
0.138127
0.155584
0.13657
0.13556
0.143172
0.169088
0.150149
0.126191
0.123068
0.131484
0.131472
0.119233
0.155082
0.169386
0.119324
0.129154
0.122419
0.117144
0.121919
0.169963
0.187632
0.139466
0.131387
0.12832
0.122707
0.12653
0.1801
0.180125
0.131556
0.123368
0.124637
0.16247
0.180216
0.130419
0.139355
0.129695
0.121503
0.112979
0.108286
0.121518
0.164257
0.146983
0.132279
0.142017
0.147524
0.153953
0.187625
0.186266
0.13546
0.137588
0.109998
0.0977678
0.17517
0.193508
0.149987
0.112179
0.0917428
0.0986729
0.0974739
0.160002
0.151997
0.0846104
0.093083
0.0856747
0.122538
0.163521
0.123406
0.102385
0.103067
0.0845366
0.10323
0.144824
0.113533
0.108543
0.103123
0.110136
0.109613
0.121685
0.142066
0.144302
0.0985165
0.110297
0.112013
0.112189
0.104978
0.127124
0.146109
0.136325
0.101834
0.112137
0.125048
0.127137
0.131694
0.134494
0.132854
0.120596
0.112659
0.121049
0.170084
0.175487
0.106451
0.11127
0.11667
0.125773
0.167264
0.202303
0.131552
0.0984896
0.0730836
0.0792795
0.0600712
0.0457721
0.068212
0.0777906
0.131357
0.168799
0.10114
0.0998384
0.0914189
0.142292
0.155357
0.105679
0.10569
0.0954549
0.146767
0.128221
0.105201
0.112446
0.104299
0.13293
0.142948
0.094777
0.0904835
0.0883577
0.0823816
0.13398
0.114965
0.0949549
0.0958571
0.0930001
0.120859
0.146922
0.109154
0.0736522
0.0626032
0.0527922
0.0899924
0.119049
0.0830815
0.0832864
0.0775548
0.0851671
0.129578
0.0872328
0.0706677
0.0741242
0.0778016
0.0879
0.107346
0.102792
0.0816083
0.079966
0.0736078
0.0900045
0.110083
0.0766646
0.0874453
0.0846122
0.0693022
0.0732612
0.0848359
0.123035
0.0868289
0.071839
0.0503604
0.0391753
0.00209256
0.105267
0.104633
0.0478981
0.0253007
-0.00191604
-0.00190948
0.0178916
0.074119
0.0613565
0.0293987
0.0367683
0.0347404
0.0677229
0.0831687
0.0541304
0.0379359
0.0138567
0.0343462
0.0987069
0.0328112
0.0109808
-0.00163621
0.0245135
0.0908147
0.0627082
0.0310378
0.0362715
0.0336531
0.0807986
0.0911312
0.0396554
0.0249172
0.00283936
0.0725792
0.072577
0.0337448
0.0470897
0.0470994
0.0256294
0.0975122
0.0659825
0.0364809
0.0316055
0.0170699
0.0785452
0.0785624
0.0283105
0.00606835
0.00846062
0.0759895
0.0671708
0.0454094
0.0473905
0.0503663
0.0878494
0.0782087
0.030595
0.0543975
0.0587712
0.0484689
0.0545968
0.0730643
0.101944
0.0930897
0.0699216
0.0667466
0.0521091
0.0426169
0.109897
0.0933003
0.0328955
0.0232306
0.0158316
0.0232331
0.0290629
0.0706932
0.100647
0.0611312
0.0454149
0.0541705
0.0447892
0.0670467
0.112222
0.117439
0.0804934
0.073602
0.0797072
0.0806911
0.121458
0.0995599
0.0677496
0.0572553
0.0422975
0.0368774
0.101879
0.087111
0.0529091
0.0439427
-0.000474763
-0.0199976
0.0758839
0.0825197
0.0270362
0.0328139
0.0330042
0.0254939
0.0551119
0.0848125
0.0743141
0.034872
0.0481296
0.0450251
0.0474762
0.0708184
0.0944438
0.0855766
0.0627972
0.0689322
0.0682949
0.0657055
0.0676169
0.0810956
0.0997409
0.0994555
0.0654593
0.082957
0.0901363
0.0834807
0.0830005
0.0924958
0.107817
0.132873
0.0900076
0.0880902
0.0747187
0.0823468
0.116521
0.111043
0.0704103
0.0684818
0.0649043
0.0997112
0.111355
0.0710042
0.0802128
0.0750574
0.0823393
0.0811836
0.082653
0.0800132
0.058378
0.0796087
0.111713
0.092477
0.088763
0.0927053
0.075718
0.0311658
0.0825749
0.113802
0.0712105
0.0606943
0.0143401
-0.0355546
0.0222282
0.0812881
0.045793
0.0212536
0.0227117
0.024578
0.0409378
0.087857
0.0641217
-0.00595006
-0.0158487
-0.022394
0.0352075
0.0609057
0.0310428
0.0441877
0.0441876
0.0441897
0.0245859
0.0483844
0.0865017
0.069711
0.0484461
0.0626849
0.0653102
0.0722344
0.0782849
0.0793201
0.0787936
0.0835024
0.0890383
0.0810487
0.106069
0.104757
0.0619472
0.0632557
0.0652877
0.068332
0.0703424
0.0563824
0.0453697
0.0552098
0.0738237
0.0371394
0.0367784
0.0323842
0.0424153
0.0429162
0.0546855
0.0882453
0.046983
0.0537631
0.0440172
0.0427476
0.0458964
0.0352198
0.0302454
0.0600363
0.102587
0.0532242
0.0279805
0.00360868
-0.005469
0.0279851
0.0932771
0.0408684
-0.00236263
-0.0497877
0.00432246
0.0781603
-0.00216073
-0.0430231
-0.0674618
-0.0563835
0.0383011
0.01967
0.00208981
-0.0222628
-0.0483294
0.0212117
0.0289352
-0.0424252
-0.0235318
-0.02159
-0.0227633
-0.0208587
-0.0044783
-0.0216006
0.00350202
0.0432027
0.0297744
0.00130441
-0.00757462
-0.00319051
