0 	0.000
1 	0.507
2 	1.015
3 	0.362
4 	0.870
5 	0.217
6 	0.725
7 	0.072
8 	0.580
9 	1.087
10 	0.435
11 	0.942
12 	0.290
13 	0.797
14 	0.145
15 	0.652
16 	0.000
17 	0.507
18 	1.015
19 	0.362
20 	0.870
21 	0.217
22 	0.725
23 	0.072
24 	0.580
25 	1.087
26 	0.435
27 	0.942
28 	0.290
29 	0.797
30 	0.145
31 	0.652
32 	0.000
33 	0.507
34 	1.015
35 	0.362
36 	0.870
37 	0.217
38 	0.725
39 	0.072
40 	0.580
41 	1.087
42 	0.435
43 	0.942
44 	0.290
45 	0.797
46 	0.145
47 	0.652
48 	0.000
49 	0.507
50 	1.015
51 	0.362
52 	0.870
53 	0.217
54 	0.725
55 	0.072
56 	0.580
57 	1.087
58 	0.435
59 	0.942
60 	0.290
61 	0.797
62 	0.145
63 	0.652
