0.999999999999962	0.0
1.009240386229043	0.03171665687931691
1.0380934399238173	0.06531130335099253
1.0903198581700586	0.10306557148450982
1.1736417746263528	0.14826543590695
1.3030334140588633	0.20638021800987486
1.5091007216183931	0.2878763588240735
1.8628888244991404	0.41640498696869604
2.5717280211559044	0.6603075265676998
4.597631151818216	1.3357353269505057
47.010162191020456	15.274527618966088
-4.959741080055122	-1.7856166624389067
-2.2062544081354187	-0.8735179147142862
-1.3586102572716867	-0.5879231580751988
-0.9498428414555422	-0.44696211395416263
-0.7108283463857656	-0.3621851327055827
-0.5549794257958287	-0.3051025212025261
-0.44594547256531375	-0.26373141728919547
-0.36580796272353444	-0.2321487923396843
-0.3047205300842827	-0.20708785839988528
-0.25682908418669403	-0.18659725209029945
-0.21843840808759207	-0.1694381975798249
-0.18710357277113565	-0.15478553674477868
-0.16114422589114727	-0.14206774559760715
-0.1393687353161715	-0.13087595381860867
-0.12090955840465067	-0.12090955840462204
-0.1051208426842995	-0.11194232762255113
-0.09151246250628897	-0.10380051339547519
-0.0797062291447943	-0.09634828007024837
-0.06940605179567427	-0.08947774281384768
-0.060377134578896374	-0.08310199644424898
-0.05243117749326654	-0.07715013483712063
-0.045415658027754865	-0.0715636259462435
-0.03920594291113473	-0.06629362902067681
-0.033699398751779054	-0.06129897876692644
-0.028810937933535695	-0.05654464946182182
-0.02446961067279322	-0.05200056963475003
-0.020615970229037994	-0.04764069629182474
-0.0172000168620612	-0.0434422836472127
-0.014179580229641206	-0.03938529923151132
-0.011519037723113662	-0.035451952764539864
-0.009188293030498458	-0.031626312052060825
-0.007161958457560201	-0.02789398652986713
-0.00541869853106076	-0.0242418636969929
-0.00394070271308798	-0.020657887060585835
-0.0027132627365777234	-0.01713086671282145
-0.001724435874535142	-0.013650315514474959
-0.0009647798988569323	-0.010206305241700665
-0.0004271489462375211	-0.006789338081050547
-0.0001065422578534099	-0.0033902296162749493
1.7763568394002505e-14	0.0
-0.00010654225785371174	0.003390229616274887
-0.0004271489462373962	0.006789338081050644
-0.0009647798988570572	0.010206305241700686
-0.0017244358745352462	0.013650315514475125
-0.0027132627365777373	0.017130866712821435
-0.003940702713087912	0.02065788706058569
-0.005418698531060709	0.02424186369699273
-0.007161958457560111	0.027893986529867132
-0.009188293030498285	0.031626312052060984
-0.011519037723113662	0.035451952764539864
-0.014179580229641102	0.03938529923151159
-0.017200016862061275	0.04344228364721274
-0.020615970229038095	0.0476406962918248
-0.024469610672793365	0.0520005696347502
-0.028810937933535632	0.05654464946182179
-0.03369939875177901	0.06129897876692619
-0.039205942911134745	0.06629362902067693
-0.04541565802775471	0.07156362594624384
-0.05243117749326669	0.07715013483712058
-0.060377134578896374	0.08310199644424898
-0.06940605179567436	0.08947774281384757
-0.07970622914479424	0.09634828007024838
-0.09151246250628885	0.1038005133954753
-0.10512084268429941	0.11194232762255099
-0.12090955840465062	0.12090955840462204
-0.1393687353161716	0.1308759538186087
-0.16114422589114744	0.1420677455976072
-0.18710357277113582	0.15478553674477866
-0.21843840808759196	0.16943819757982478
-0.25682908418669403	0.18659725209029945
-0.30472053008428257	0.20708785839988478
-0.36580796272353444	0.23214879233968438
-0.4459454725653137	0.26373141728919547
-0.5549794257958285	0.305102521202526
-0.7108283463857659	0.3621851327055827
-0.9498428414555424	0.4469621139541628
-1.3586102572716867	0.5879231580751987
-2.2062544081354183	0.873517914714286
-4.959741080055122	1.785616662438907
47.010162191020456	-15.274527618966088
4.597631151818216	-1.3357353269505052
2.5717280211559044	-0.6603075265676999
1.8628888244991404	-0.4164049869686962
1.509100721618393	-0.28787635882407336
1.3030334140588633	-0.20638021800987483
1.1736417746263528	-0.14826543590695004
1.0903198581700584	-0.10306557148450966
1.038093439923817	-0.06531130335099247
1.009240386229043	-0.03171665687931671
