0 	0.000	        0.0 
1 	0.145	        0.498 
2 	0.290	        0.998 
3 	0.435	        0.355 
4 	0.580	        0.855 
5 	0.725	        0.213 
6 	0.870	        0.713 
7 	1.015	        0.07 
8 	0.072	        0.57 
9 	0.217	        1.068 
10 	0.362	        0.428 
11 	0.507	        0.925 
12 	0.652	        0.285 
13 	0.797	        0.782 
14 	0.942	        0.142 
15 	1.087	        0.64 
16 	0.000	        0.0 
17 	0.145	        0.498 
18 	0.290	        0.998 
19 	0.435	        0.355 
20 	0.580	        0.855 
21 	0.725	        0.213 
22 	0.870	        0.713 
23 	1.015	        0.07 
24 	0.072	        0.57 
25 	0.217	        1.068 
26 	0.362	        0.428 
27 	0.507	        0.925 
28 	0.652	        0.285 
29 	0.797	        0.782 
30 	0.942	        0.142 
31 	1.087	        0.64 
32 	0.000	        0.0 
33 	0.145	        0.498 
34 	0.290	        0.998 
35 	0.435	        0.355 
36 	0.580	        0.855 
37 	0.725	        0.213 
38 	0.870	        0.713 
39 	1.015	        0.07 
40 	0.072	        0.57 
41 	0.217	        1.068 
42 	0.362	        0.428 
43 	0.507	        0.925 
44 	0.652	        0.285 
45 	0.797	        0.782 
46 	0.942	        0.142 
47 	1.087	        0.64 
48 	0.000	        0.0 
49 	0.145	        0.498 
50 	0.290	        0.998 
51 	0.435	        0.355 
52 	0.580	        0.855 
53 	0.725	        0.213 
54 	0.870	        0.713 
55 	1.015	        0.07 
56 	0.072	        0.57 
57 	0.217	        1.068 
58 	0.362	        0.428 
59 	0.507	        0.925 
60 	0.652	        0.285 
61 	0.797	        0.782 
62 	0.942	        0.142 
63 	1.087	        0.64
