1.3961367773285989
0.5237456670219683
-0.0456879970089853
-0.0051836260721474
-0.3260985310806285
-0.5997071839901208
-0.9028281505128886
-1.0999327725773784
-1.2750277206205365
-0.7386608645661764
1.004816780112474
2.423860275562277
2.040264061334882
1.3195598462086835
0.6983337594844878
0.4917255567505486
0.1242813678076224
-0.1888366442821915
-0.511410919695209
-0.7339089311820484
-0.9584506372597472
-0.836912888274094
-0.0784225256233815
1.1893336589424577
1.851017735682252
1.5812890265008606
0.6367885938825013
0.0300056666249753
0.1380941498764144
0.6131207194729439
0.7359644727159145
0.4490819284157845
-0.0834067265660985
-0.4046627191312921
-0.6363948707548593
-0.7354631370185056
-0.8408098024342955
-0.7180221443701401
-0.0285027755170919
1.2384319533585604
1.871617464531602
1.6505556135805608
1.060105856484142
0.5612810870623814
0.1595841493866752
-0.2224612799050308
-0.4923431685780929
-0.6180027784844536
-0.6587068531761209
-0.6915984561387839
-0.8176674723899617
-0.6243815365127572
0.1816897378081384
1.468078079158332
1.9974323454006369
1.7715474142188934
1.1754829513930398
0.6184878735085108
0.2001075144529044
-0.1641118257648991
-0.4426328232586369
-0.6326714123686058
-0.8049838704210184
-0.9550311335847224
-1.0089256066423542
-0.7098796997764043
0.2674249242593698
1.2766621752877838
1.520020868996432
1.0601224577634631
0.3706745926227051
0.0164054113813121
0.3817676991604212
0.9539369811994474
0.9138874133520264
0.4673297656889853
-0.063228095061138
-0.4875723740881952
-0.9050147240562834
-1.2629854082309742
-1.02234032791452
0.4661840886508089
1.9240444375686363
2.00788676562943
1.327961268112782
0.6365828852149542
0.2195631260360785
-0.1456247495511132
-0.5096881648763075
-0.7419775763424263
-0.8499698950451053
-0.8419652644539021
-0.179209361626261
0.946744419930216
1.712989987775545
1.6395818852528254
1.0457410626566277
0.3803934971545168
-0.112699708554153
-0.4566904151111663
-0.664046142784401
-0.6561530029665875
-0.6123911783119437
-0.7640408318963838
-0.9450444697951004
-0.7847568001071001
0.1150674916803309
1.6119324580652656
2.26826990970226
1.8082603159391184
0.9957911224681036
0.3952374367174375
0.0592098972087042
-0.2330024919276387
-0.5472950641517598
-0.8157496934233217
-1.0036795456050205
-1.1384994287272072
-1.151172944265739
-0.5081933015217693
1.021505540988548
2.131471480347017
2.104305096267284
1.464880045726232
0.6934988535984675
0.2287760239949785
-0.083768158307058
-0.3699842111801091
-0.6573509035948342
-0.8822122233020119
-0.965753948319352
-0.6179471837660014
0.4047848925948452
1.30691619650014
1.493917559522468
1.0602394153905144
0.5098660756446797
0.2293402408553411
0.301348500906927
0.4688554705359702
0.4328958224716627
0.0446938571429718
-0.3883638489960563
-0.6831619027260263
-0.934355630312788
-1.0939964791418788
-0.7908021982113003
0.4351072369822999
1.7477719627700623
1.9848664481888745
1.347351889619698
0.5498662122128196
0.0263781636086973
-0.3112882095973092
-0.5500750641663296
-0.3030904140659832
0.3521603167038886
0.4509635740019701
0.0605015203677121
-0.4290692466028853
-0.7122674473561565
-0.8162804300010704
-0.5082546482499845
0.2375695780841624
1.135778765639347
1.6511334225873724
1.5827304757131384
1.1736500155466294
0.6234681430873996
0.1364137935795046
-0.1832599275956623
-0.4384536676967114
-0.652823965192967
-0.8462458539141418
-0.9768858635305776
-1.0423651127220177
-0.6744206587945852
0.5476576492477213
1.8057124283707189
1.9701169201748208
1.448718415305322
0.8423111306797265
0.4864562167624414
0.1266654943383566
-0.3286340095631975
-0.7848234722446253
-1.112190839482752
-0.7531100313796687
0.6353239145951792
1.6748865684560477
1.6257298643308824
0.929911364932592
0.3642222138400972
0.0110703275839156
-0.2188522817118882
-0.3770270274524
-0.3608316369565159
-0.1500283831662385
0.0414473684171358
-0.0077947627702982
-0.2940102746689286
-0.6658602696816018
-0.8680759010372304
-0.4364309417532531
0.8261927533693278
1.7526073296691664
1.8627515552042389
1.3323629530186671
0.6686016255631758
0.2128552167892579
-0.1148311562497541
-0.3953189051452322
-0.5875503803378107
-0.6917078105182416
-0.7391310748860588
-0.7005197554553536
-0.6971658661694962
-0.7927301222550327
-0.7986700283228282
-0.2568132871782557
0.8749805255871874
1.798670664612769
1.8909461983740363
1.4467823548344425
0.7837404079398272
0.3327620333333476
0.0504046194689604
-0.2836796821511014
-0.6040263356465388
-0.8164457144991324
-0.952508363698944
-0.9955983963284134
-0.862085249628397
-0.1595531797510648
1.1456851939133406
1.9588304633964069
1.769305869829588
1.3313333494492747
0.9328188999205812
0.7143551442845492
0.4263895643708036
0.0640401845298888
-0.2819627954418565
-0.5552572179190639
-0.7461979019651463
-0.8847852037369817
-0.995171619841523
-0.8234730319986819
0.1121950409449173
1.3723114047269367
1.881487415516452
1.7188606101005115
1.2192411726949903
0.8891146133853318
0.6441912028401058
0.3485384092428393
0.0095790166885062
-0.2602974348078904
-0.5017264008563875
-0.6852085346057771
-0.8313988705390691
-0.9361965011046006
-0.9946946214334488
-0.7378909493592861
0.3641882574889205
1.6908495337230212
2.095469312757784
1.8363645487667648
1.2203808112285817
0.6531739393354199
0.2325055791562913
-0.1191886506007172
-0.3710551367051997
-0.5256811203038412
-0.6702941092408917
-0.7926095665062107
-0.920985789427164
-1.0408161831619425
-0.9821458963032348
-0.1776151019684854
1.3800889679607646
2.229269604082079
2.069150670429634
1.475639737143339
0.8207613056677358
0.3823670001735136
0.0124597984840148
-0.3218290460607087
-0.5536637314467666
-0.6881764286897463
-0.777484143742503
-0.814307888501525
-0.8764998656890273
-0.9382632167706532
-0.8956247447502468
-0.3193433913406614
0.8480707396274333
1.7850645327704078
2.066842183367949
1.7922966407831065
1.1884830849717292
0.6424902036115719
0.1839724276431155
-0.1514483303993913
-0.4215574502405094
-0.6202522084110444
-0.7957480159799187
-0.9006491270496191
-1.0069278642954995
-1.0465792635055813
-0.7334557612416779
0.3519629964096125
1.53660455479091
1.9787660911489275
1.8987304937768827
1.5160060730400902
1.0915013915749727
0.666126911444132
0.2231869203820957
-0.1159759751780421
-0.3081820600311218
-0.440878306280817
-0.5707939764105551
-0.6368204557862259
-0.711294809029601
-0.7564477698255682
-0.7923680471474094
-0.7376078399622942
-0.6359941562089747
-0.6812391796510694
-0.2768363197254718
0.9822604260611668
2.05064115588489
1.986181273889624
1.4670227920253407
0.9551566387900132
0.6803973162290511
0.4682284369275754
0.2382093246668598
0.0107866850401428
-0.1832695054045139
-0.371100867141191
-0.4930772053322159
-0.6166429225408455
-0.7347334795250157
-0.8126531202958461
-0.8215942008025426
-0.7213860748304074
-0.2491886330979249
0.6951587017275219
1.5819624044037233
1.7000562242027006
1.4113446239680505
1.1310408633458418
1.0374753504891232
0.666406270324226
0.2307476230717375
-0.0070433531726019
-0.039170670479284
-0.1364980552313304
-0.3252151918701411
-0.5305958871377997
-0.6903203431549115
-0.8548168560766017
-0.9044379857752032
-0.6636957953559403
0.0001262567766026
1.0370398432518693
1.822803413127368
1.7384043592364378
1.2820752319796982
0.742485918119425
0.4351715298798718
0.1262836826757193
-0.1178181359618007
-0.2959228152641294
-0.3956971689546489
-0.511848893503901
-0.6276404164853461
-0.7014340156421499
-0.6870158476049038
-0.6755148566916346
-0.7444695841183977
-0.6691944956570851
0.2192200332214393
1.5452400593304043
2.108814804769969
1.6961774881465883
0.9385016285010086
0.3543791006746317
0.0248714576582736
-0.271297976747859
-0.5137871741771777
-0.6512076532885369
-0.7400043997837271
-0.8017727209561847
-0.7519920444852264
-0.5383849144514924
-0.2829980961936957
0.0399579606624787
0.8799769345740689
1.6968372600461776
1.7255780580629907
1.1902205262578305
0.5750231367758681
0.1838262619939433
-0.1379064037873086
-0.4666046307209968
-0.7137055044618336
-0.839978872654843
-0.8860506840159238
-0.9020621598792452
-0.8486877742721137
-0.3381122803945475
0.867231925265788
2.0089530460437888
2.1512844533898923
1.6285149142296544
0.910335185448172
0.4511963442009581
0.1388275417884653
-0.0655668774077953
-0.2601075283637653
-0.3968526957701416
-0.5517593858266914
-0.6971380794127815
-0.8155613173224127
-0.93001509192371
-1.013462461709696
-0.6816440415756718
0.5765434208959991
1.9005835764361727
2.1043986516618034
1.6174117526562724
0.9771296836021752
0.6639518357280376
0.4135001386675464
0.1368782818579812
-0.0494533641394233
-0.0741076994533506
-0.1527935989424495
-0.3035281611921099
-0.4854814781986319
-0.5774493464668572
-0.6318125615820126
-0.7330651006643453
-0.7980357749584186
-0.476441347791216
0.4995440760953947
1.5917918167465614
1.648667475008001
1.0921758058787143
0.5150416442044781
0.2131469413121603
0.1868424042022139
0.2863079633584365
0.2329403147038476
-0.0720019981138292
-0.418082323615017
-0.6030956696209541
-0.4500899995567756
0.1680130571603003
0.9740698119175424
1.3671164905328848
1.0562578298861374
0.5353530644372678
0.0604577040085749
-0.4157687083273201
-0.6783858872183945
-0.6959960482210623
-0.0831842465107208
0.9768442838580284
1.4603026047105083
1.2225267628354757
0.5623223116529511
-0.0209983254539451
-0.4587453769108694
-0.7663117111411127
-1.027436440741499
-1.1191278356262235
-0.5694139865250286
0.8203890020236682
1.896619404874224
1.8861076013052764
1.210887497620768
0.4849583100646717
0.075805377032227
-0.1738044977218043
-0.4108450891927604
-0.5770845144001306
-0.6994838488535466
-0.7751775640865052
-0.7998677082562706
-0.8097702565149368
-0.786689155389456
-0.3848979856675327
0.5251288643897202
1.584316184988811
2.154876187101647
1.9816101364720915
1.344108790294798
0.6798197202699405
0.2490881090332725
-0.0738274497341087
-0.384305322146254
-0.5899121954450324
-0.7283601226046132
-0.8163120637985636
-0.8189887185429272
-0.7510820823900326
-0.6984619622145632
-0.6912385505096287
-0.2696038927929362
1.12063213285535
2.2826439748035936
2.271487247087647
1.6004768463698686
0.8582989718509554
0.4432576238475954
0.1226606342047071
-0.2488706750024189
-0.5578874527440391
-0.7209045679614768
-0.8223530371663601
-0.8400243981180606
-0.8851224471897812
-0.9493111153931272
-0.7911177097401085
0.2480731148636271
1.7244219183978555
2.312685512968386
2.098187234279775
1.4946180465621732
0.8986753508306364
0.5215064581914561
0.150953771148674
-0.1929373672933575
-0.419454972052959
-0.4874369799510515
-0.4862964900460284
-0.4939840585267867
-0.6381386184008381
-0.787015258117762
-0.9218435161519828
-0.9952205712734684
-0.5694531675473818
0.7377928103815808
1.7707607683486688
1.8457769437630192
1.2482876738195685
0.5162623455214257
-0.0789891354947052
-0.5691932204274913
-0.986262179937516
-0.8217181405767643
0.2603598225025552
1.2676440861293032
1.1628021748357713
0.4449425163082199
-0.3099115346292126
-0.722396560481581
-0.6201209089314834
0.364225325698385
1.4347102351967054
1.6580997063570575
1.094322751822763
0.3698883296394294
-0.2010799303640975
-0.6938333040720729
-1.051650252200939
-0.882365833456742
0.2321546426683114
1.416578474357484
1.5046507024511762
0.9226593717418364
0.2432504510541992
-0.0227493486183123
0.2640988602907662
0.9802146969059928
1.34691322596253
1.0852250661371876
0.4518981997147219
-0.0764479442834351
-0.4480470442195879
-0.6770466916849265
-0.7918594906823098
-0.8702715854274036
-0.9454438259081333
-0.7287722151837321
0.3179581250200106
1.5768682107290966
1.9081653580136508
1.5601378913478694
0.99740524266313
0.5026042353843483
0.2050544400951438
-0.0078954552116342
-0.129674266304211
-0.3220462453184832
-0.5101580623959614
-0.6125840985009824
-0.6645410960299645
-0.6477447641823446
-0.5513779688579538
-0.6731814731438258
-0.4539683084384804
0.7562206829090762
1.815436810470225
1.785404796243321
1.1219742190943989
0.4758689284248883
0.0540895056998548
-0.3386842880047038
-0.6744461601264028
-0.894334609779752
-1.0150192167303715
-0.9673407787613066
-0.3682634167004247
1.0139351148028368
2.092941436538858
1.903386912988444
1.259469653833798
0.7917147654241796
0.6171273213998973
0.37520214787009
-0.0176393622728273
-0.3956787116880629
-0.639656186142249
-0.7838130427584966
-0.9132891703095636
-0.9744092535423272
-0.589654997639242
0.6155679538143871
1.7458369666759623
1.919418944595052
1.54022005031943
0.9574506871189856
0.5730617733804013
0.2474979417724163
-0.0947644366982846
-0.4383158102473212
-0.6838063374409326
-0.8330770706895168
-0.9842206003992088
-1.0485100847056412
-0.6619329076676066
0.5280326561909569
1.697857871779115
1.7661976007218323
1.1372738195599803
0.5435811640109021
0.3112357837369177
0.21044692474458
0.5903114505815293
0.9563422772133864
0.8388335363483482
0.2297376277733088
-0.4722500632746093
-0.9591577595587444
-1.1710232837908416
-0.4603102861481182
0.9885652020535216
1.724435996612078
1.5296114630013566
0.9855528365791778
0.4018874360184711
0.1030587581810214
0.0255889748899953
-0.0332667701988428
-0.1318630185280162
-0.3378170603157697
-0.5406014733982701
-0.6779985141959657
-0.8129168436522528
-0.9817916097000302
-0.8598696472157983
0.2000497739396333
1.843976778271528
2.334425356772349
1.6461023864910982
0.7746994427981616
0.3089683962603943
0.1047178729047695
-0.1764513943270463
-0.4878724520800021
-0.7198866427555443
-0.8746494436841739
-0.950380312683563
-1.0259336149968843
-0.9894751403725583
-0.2585256976171451
1.2718956827482213
2.1369204603487235
1.870377699786008
1.0857183211937604
0.3517843752561601
-0.1499395137808725
-0.6018788520431289
-0.6802184533838453
0.103897259345696
1.2152034800095015
1.5021674744441325
1.0354001270763906
0.3137500087999523
-0.1459816585991245
-0.5105908367732698
-0.7925795402176852
-0.95522787879365
-0.5070677854355133
0.6543416571139041
1.3769532648552285
1.02827966340894
0.23584280673318
-0.4821355331124746
-0.7724929237028065
-0.3662192517523707
0.8502591314540479
1.6512013683869855
1.5135130163033836
0.7396880130542277
-0.0098257040928099
-0.6157809151801618
-1.1491243229085943
-1.132064347940824
0.2256587461795419
1.6242570380096832
1.7178654134422664
0.9324751068115604
0.1010832999010063
-0.5036319756582984
-0.8800858042422144
-0.6961113571936257
0.5489045547113066
1.643771158776416
1.6758782573259043
1.0472512228568054
0.3948712918919531
0.0141033272678721
-0.2984173365909101
-0.5317863351029563
-0.6855036675436484
-0.7576773931424898
-0.8253834831220149
-0.8659288681972535
-0.8109906144063931
-0.0317845477909391
1.446641000449437
2.2374789802389583
1.8162628046209133
1.156587709041501
0.7236331095425037
0.4958750982463515
0.2223281487113068
-0.1486873031606456
-0.4793856488115812
-0.7327632620473016
-0.9017839916612777
-1.0171216114403607
-1.059238448827573
-0.672789480284223
0.6068016168128415
1.966790858415713
2.236555597219916
1.77847883961612
1.0415313435425009
0.4914663895945461
0.1269546943566386
-0.2280142176099769
-0.557820440125581
-0.7906364179479012
-0.9349704480428084
-1.04509356557528
-1.10216586453121
-0.7265852276456134
0.5452334716310021
1.8735358463101348
2.177025217387479
1.7257842794904412
1.0561371557418149
0.6088046257782764
0.3087034810345997
0.0524864020901943
-0.2779037208666033
-0.5560428363589901
-0.7948668571230767
-1.0069155425698335
-1.154171942664603
-0.8110104113714545
0.5592702968177795
1.9096130508090607
1.9620374724718057
1.3776947779976172
0.8315224920795722
0.5207697277897148
0.2163627173389511
-0.1310785478301517
-0.4227233119563069
-0.6605732120046864
-0.8417223021665866
-0.983312733215654
-1.1030068256549417
-0.9092409848985916
0.1262805779440785
1.4975626059061349
1.991506490857762
1.6193369838215472
0.9682345071755474
0.4402304815393515
0.1132412084556695
-0.1812198571147009
-0.4167838892294423
-0.2482813944044039
0.0911451522521124
0.014609258891835
-0.4089826215957456
-0.7941669235124252
-1.0202193167343292
-0.9239463585841252
0.1548402734924793
1.5897540068936544
1.9813291544720013
1.417320172635257
0.5813798550828414
-0.0562899969338954
-0.4967482972271449
-0.9042436835269372
-0.8185943343049678
0.2624113404584482
1.3904371208838768
1.3654797494008033
0.6110042584126529
-0.1931920680067509
-0.5076119187650746
-0.0689239110137498
0.9697890357683222
1.5649854700997268
1.372852013407283
0.6866516876433549
0.0768661346799575
-0.3894340492019668
-0.795367321389305
-1.0381812979709937
-0.6613331332072058
0.4123448592722993
1.5024222513869707
1.6287360975566592
1.1116816108985554
0.3738852310581392
-0.1367424800465347
-0.4206664659376197
-0.4685581030079503
-0.1068790547745827
0.5786702708493388
0.780696860028534
0.3828481751505072
-0.1564844359966332
-0.5542149187263644
-0.6626969422274248
-0.3912553086639047
0.147375807287081
0.8158377120831337
1.2886940045546824
1.1878272155596306
0.6390448535322264
0.0585284734353733
-0.3351872191430607
-0.5679870476938004
-0.7091697980431121
-0.755177014304912
-0.7817190883137104
-0.8352344182804453
-0.8822640477657517
-0.8558445776224027
-0.1097520651647072
1.4114268389540503
2.346514879980296
1.971044022605628
1.1714426143745704
0.5754577839659892
0.3112626928981106
0.0269371661555804
-0.2998314851659428
-0.5688525052197342
-0.7644303181357027
-0.8998738631950006
-1.0508868144049035
-1.1325083283800763
-0.5640350804757609
1.0764284195729614
2.30585275967712
2.0555980558897096
1.251501879781334
0.717277789721419
0.6898938283506351
0.5472443334978672
0.1636380685412825
-0.2608791906539712
-0.5113022457786265
-0.6693200262924791
-0.8615992833872498
-1.0641365263488411
-0.8994539786084853
0.1759404240020392
1.5875131732623806
1.9605321203554025
1.479614524686297
0.7751006124890288
0.3139417889558612
-0.0835011442849241
-0.4114096760427321
-0.5375631947230598
-0.0524912615669691
0.7073226232980003
1.0284388874602806
0.6729033471418818
0.0802517357580564
-0.3317129010104594
-0.462219353211263
-0.3314221157833013
0.0145222198645249
0.2643911540865072
0.1961993821276335
-0.109339553725021
-0.1954611949095172
0.2796532312088697
0.8448304704059711
0.6750796335229146
0.1062754363205358
-0.5067650534738997
-0.7868496967204267
-0.6118913927733279
0.2355755965026911
1.1862361177515346
1.5019423856848828
1.118786463944282
0.4593294538373315
-0.1567119416769805
-0.6206046224792001
-0.9289939844832488
-0.731483343372266
0.2888989539352448
1.157339177209554
0.9914867875199872
0.3116236708911286
-0.3264568516445369
-0.5641870538370877
-0.0916904259796403
0.9810984017991377
1.7342059429063112
1.6443804421510917
1.1152410345561663
0.5868022328156389
0.2416419890673269
-0.0486879950545643
-0.2958467524430954
-0.5236143593356994
-0.688574215478359
-0.7639715498294254
-0.8136076123551743
-0.8629621385577899
-0.92894164112017
-0.7824155941193458
0.1943486620824586
1.6280247132884773
2.097263323247715
1.673729996561714
0.995504551129896
0.5002072714481426
0.2251359940305938
-0.0729385209484612
-0.3720839765170011
-0.4180217622216449
-0.2728201669910368
-0.3788217963034975
-0.6923944621765621
-1.009016128570359
-0.8033546666874578
0.4676466205417728
1.7439981979219958
1.852674017228789
1.1745245175528949
0.4247422209075457
-0.0441137069662636
-0.4387835878074093
-0.8336632044106665
-1.144884153682569
-0.8982718545469157
0.3929591429288557
1.7524759128954637
1.8897700739284669
1.2971900075249978
0.5561178562672856
0.1655137060275041
-0.0996376715612953
-0.2974757836974171
-0.3546287296037206
-0.2156663296572114
-0.000900261802391
-0.0762488985879643
-0.3874134348583493
-0.7142172532510758
-0.7261741666534381
0.0741709655362278
1.2104982571306275
1.6700997537574778
1.3061171170102306
0.6725030086416983
0.0626721864392562
-0.4578058389400379
-0.6446916568818758
-0.0881222686156852
0.717463178758827
0.7852630728457634
0.2563073398953004
-0.3945570526986177
-0.8775163232175192
-1.1232887681208754
-0.4488235406784739
1.0855193617113712
1.9641048680253137
1.7026170670397207
0.8685541221222808
0.2336154565920389
-0.1310381440416024
-0.3877978476379769
-0.5655027548423666
-0.7560689319504618
-0.9507919224180882
-1.0187596154394492
-1.0033398233566737
-0.540606098952989
0.5613406360425365
1.5362240321013276
2.023088976780349
2.0340513218521488
1.6250472788563648
0.952061225195288
0.4263240240978597
0.1613712327213865
-0.0141473291331211
-0.2668654838994923
-0.5135291399385064
-0.6745585147880897
-0.790249939372392
-0.8736597560923316
-0.9093100828810758
-0.546607249739887
0.5859558518114798
1.6920378944068424
1.923217541873636
1.497561071048066
1.0018743841779467
0.6863089607318618
0.5471968381664172
0.309008587181653
-0.0230699711943853
-0.3411587998721183
-0.533500283793143
-0.6040744288911197
-0.5859107348841768
-0.6702228332587862
-0.781809606653303
-0.839743182032895
-0.6487206485336174
0.2310939138563875
1.472494781216173
2.035985198570614
1.919220592276384
1.4016898847103847
0.763093453284952
0.285571065943198
-0.1038432292514105
-0.3934702530462493
-0.5896458172102673
-0.7323702063184513
-0.8376562254209805
-0.9099479520864708
-0.8785009137601938
-0.3869046400641042
0.6282739262689546
1.3043887835053147
1.453178786271106
1.4505594212541049
1.3461006537809173
1.1418631998047013
0.7956764848448384
0.4889778574333313
0.2423782736142024
-0.104052873104361
-0.4228950783346452
-0.668096494946364
-0.8358308618157394
-0.9603179347286556
-1.031144737031649
-0.7470697771097935
0.3397110906949331
1.6860831379575605
2.112320017538826
1.7847788427589666
1.1308781980238738
0.5540396567710356
0.1825801409205271
-0.1106398317503945
-0.4225676765634783
-0.6309809727338498
-0.7761282501795564
-0.7584293546881338
-0.4359705642193365
0.1188654686589251
0.5652656685725296
0.7729314086198419
0.7646135422130783
0.5873112206803144
0.1634481283778256
-0.1154095113324228
0.3214229694897321
1.1926904103977831
1.4729146586730535
1.113963332789046
0.5559249979076023
0.1416782582573563
-0.1630931186983978
-0.4533813876317379
-0.6376975075664275
-0.5082125913480977
0.077780292053651
0.5828633694849141
0.4668382833591098
0.0031140546309352
-0.3467023485090719
-0.5136598646264261
-0.5858994367125686
-0.4927776140684572
-0.2639943140921668
0.2675460302090683
0.8894210609979288
1.4198318838921349
1.534850859921101
1.24230404661637
0.6742893152556749
0.1753799391809328
-0.2085203851800666
-0.4032897128310333
-0.53943705739737
-0.678909048431722
-0.8432248837168926
-1.0485881669456352
-1.119768014118779
-0.4742923087431576
1.175070674062949
2.2456115677517685
2.066789891141249
1.4408339787026807
0.855556870521362
0.584682756416294
0.301606337887361
-0.0124277084568341
-0.2775531976132011
-0.4772558347990934
-0.6652549278066127
-0.8194316164552172
-0.9715932901251616
-1.1069211163199717
-1.0021138746596998
-0.0201265573099305
1.4592030828265838
2.063246615172717
1.8757672032708528
1.2874106818388502
0.7423119416560949
0.3778203205482144
0.0609726884264508
-0.273226414154713
-0.489294434538947
-0.5623597084042973
-0.5486134192096915
-0.4945994200278396
-0.4575127260268705
-0.4742896691442762
-0.5080691294162942
-0.5015136947335594
-0.0388346799440136
1.0976867413535625
1.776294631956108
1.5183431420321551
0.8477553941337233
0.2613564871031869
-0.1448296526287315
-0.5744283247717613
-0.9428562899531802
-0.8718830697662192
-0.168012133300471
0.8750047503954332
1.349541257764523
1.1043500279061405
0.5848117326489163
0.0053187759524625
-0.331721382628961
-0.4528398360606018
-0.2799777315234048
0.3012431214885262
0.6404615445686016
0.3216934006084922
-0.1726507344241175
-0.5655489600313579
-0.6338528045216449
-0.2789379722907541
0.5571712001734701
1.2823434691607756
1.7223352780293515
1.5402256892045127
0.9705553120945744
0.5038741743543652
0.3271874265832367
0.119655665251206
-0.1998344339914547
-0.5178536009970811
-0.7159948796934852
-0.8354443009960818
-0.914100920762306
-0.9811920048030772
-0.7997017704541397
0.2274085389425706
1.5852181322441947
2.064170933091923
1.753292800344466
1.1583119769471828
0.6018270054461881
0.2876247570335533
0.0811233424827318
-0.0633888677194798
-0.2891953548226613
-0.4990823228890986
-0.6537636816842421
-0.8156136327095416
-0.5933278828778326
0.2661581098497051
1.0404200777211623
1.0237065017888964
0.5312712382863574
-0.0242613309486327
-0.4473965810224196
-0.5475334976785039
0.0163914612287155
0.7085053394842011
0.6284769363755784
0.2441588142193595
0.2780476627902462
0.7958795255662374
1.0913424890998122
0.9446313454130664
0.5031911920710247
0.0426308876467231
-0.3120387761238343
-0.5317698543540015
-0.6416929308539298
-0.641932073787236
-0.6577295164235463
-0.7156318249661783
-0.7469291760772617
-0.5624364693428062
0.0959958356476008
1.0313807816555949
1.6549935484210765
1.8698624202353176
1.6848179670146353
1.22625876768207
0.6989182674382789
0.2656732063048128
-0.0898808038817226
-0.3606596387012044
-0.5787456092882903
-0.7307440051631894
-0.8457231368823821
-0.964586999101842
-1.0422385278964676
-0.7334077932597711
0.5909786911699069
1.9750031535149848
2.247526273873818
1.8402592651243148
1.1954711858539084
0.7277728174749403
0.403554682058507
0.0972676969910029
-0.1952838527484309
-0.4158710796881248
-0.5615382723449129
-0.6757179904159348
-0.7518924156427733
-0.8109083802943978
-0.8599262887285474
-0.8879488613382538
-0.6450329585070746
0.391951503701776
1.727650835164699
2.191901604174981
1.8825168985895533
1.2962500306865132
0.771174975850639
0.4234018843728113
0.0810805281850319
-0.2829810812562871
-0.5561928994715325
-0.7466967812477168
-0.867805143703709
-0.9496196159717952
-1.0537636600368567
-1.0940674225270737
-0.4879847229082824
1.0790715624287737
2.192041721273476
2.0135480399844545
1.305782590495535
0.7389050324793685
0.4444439703808516
0.193023999795929
-0.1758860811452469
-0.5029377268190326
-0.805209697488165
-0.9981132778911384
-0.7629119204984048
0.2804040931713215
1.3770157878549985
1.4952759981408943
0.9640533631669764
0.3154456601244773
-0.1124068913741177
-0.4446420871237657
-0.648347661463609
-0.6902103050052959
-0.578785685314067
-0.0522958551516318
0.9415482171760674
1.5241494232640689
1.243737681594872
0.6520274730615683
0.113538771256964
-0.3371619153146787
-0.8001349302624609
-1.155836661159152
-0.7750844060738371
0.5886046105511843
1.6749312926948086
1.4625112270775782
0.6729521155998007
-0.0426915345493458
-0.5168407654509444
-0.7697935782609713
-0.6282782105746039
0.048739984971511
0.8534572290285316
0.877564914457301
0.122888314892265
-0.607737342952343
-0.5632412199777234
0.4402817136726143
1.3185807740983286
1.3112110907550107
0.666664544014022
-0.1257162993739742
-0.6428013168833503
-0.7657072764354177
-0.0419513542169143
0.8640410932756483
0.9963883201845036
0.4921416774276869
-0.2872603553243252
-0.833970512255915
-0.6745333402657605
0.5292763443466277
1.6197672035148156
1.5991454740317064
0.8973050128660764
0.2767920890548985
-0.0714737094045186
-0.3737095747090934
-0.5768486775299958
-0.4760529910755682
-0.2394330859462911
-0.2436291256654235
-0.4625757497646338
-0.6900364892395799
-0.713922506813062
-0.1370039489235119
0.9113663792172512
1.534200594280893
1.5041192555902472
1.011271020666917
0.4966602489284755
0.0011071715572485
-0.3844822327424929
-0.1319938329545779
1.0369160186074566
1.5729056274317572
0.979821912976542
0.4075472416771052
0.2880996322726391
0.3188630389257585
0.0744891944811612
-0.3040638166911832
-0.6833735921532013
-0.8503498263060821
-0.3899354303332085
0.7761264712701504
1.4461373056213591
1.1883641236803155
0.4537971471069059
-0.0788522507804345
-0.3506219440930727
-0.3954614199426361
-0.1439048851935392
0.4899613447618293
1.0321389190423629
0.9756526181133915
0.4978133653617573
-0.0789937822920975
-0.5460646629601433
-0.7928005627056182
-0.7971519628862015
-0.4080790316799677
0.0030766654675082
-0.0771979040476836
-0.3446684839925352
0.1028764985511014
1.1249128451906345
1.8094505194402115
1.838704019503821
1.4079130322188729
0.8030581005116221
0.3698608514354718
-0.0001262567766026
-0.3600700943299794
-0.633498498736598
-0.7640526410526259
-0.8352694933516976
-0.8420326696206482
-0.8209064293806677
-0.5546903616450307
0.2904233985092816
1.4357287225688924
1.8453716133093352
1.525671439757664
0.9292373438638636
0.5063215158151773
0.22277794584747
-0.0984631542368047
-0.4331883866448934
-0.5911717891956723
-0.558628301251873
-0.3333227112637191
-0.121809423829109
-0.1140128269132089
-0.1480998868205635
0.0936025530320238
0.1223415285175092
-0.1765902656764389
0.047573876627249
0.7634048871425486
1.0797053799335206
0.5862418397728435
-0.0796636323668991
-0.5548245330688619
-0.8866878169434301
-1.1147082386733604
-0.7357683343743089
0.5671233014912951
1.7923147387082092
1.9209423910763608
1.3451325457745074
0.7344629328021285
0.4173837003487067
0.1283827680665255
-0.0977977381613296
-0.3141295577247774
-0.4357940026302568
-0.5588937050862238
-0.6261185933666912
-0.7518221557600379
-0.7895363695941636
-0.6285703930991116
0.1669667038387286
1.397766365134347
2.051969844460645
1.5767316648046676
0.7754897537488686
0.3572539629675835
0.280136096775151
0.1039876218235106
-0.2510176942097958
-0.5843521834212068
-0.8466492276450847
-1.0393353269116792
-1.086984866912427
-0.3458336601657757
1.1609858206386725
1.9864511909897764
1.8096464854441383
1.1755940919378856
0.622994959200364
0.2488554281736904
-0.107230679052773
-0.3911670404828754
-0.6000457615814058
-0.8927485651943868
-1.125678162775957
-0.8608359755625712
0.2744886688779137
1.5236722551428183
1.7804657032345088
1.2569911793954327
0.4526155891722754
-0.1351797197016425
-0.5269506496282783
-0.3126743051958576
0.7599928576922605
1.517833562684933
1.1976530592315373
0.4833657326043372
-0.0640276381990481
-0.3889660365327406
-0.5122046103208856
-0.4193791603836583
0.2345352763605465
0.9898723069722608
1.032004910190747
0.5681742090440218
0.0712481406617984
-0.1440650392358436
-0.2328518026877195
-0.2731334499940629
-0.3331821195887599
-0.4262933450123046
-0.5612963926618245
-0.6970281829831427
-0.8043530440826735
-0.8327754208766169
-0.583278093310367
0.3858563937436126
1.471854263192565
1.85692283498832
1.5275835764784176
0.8302554555497885
0.2400503732135003
-0.2164895618708072
-0.6688917705637288
-1.0035867524252415
-0.6449756325204365
0.4224647674399167
0.8588520832033572
0.4103961113463623
-0.231633641060005
-0.5152352741617123
-0.4661441396911607
-0.2905250395853601
-0.2030719626055495
0.3812070781532602
1.3356736089592125
1.6744082760094554
1.3008077878608102
0.6076356245015465
0.0489498486766635
-0.2964439424282502
-0.5772887146862622
-0.6695018230917699
-0.6368849691516509
-0.468909430528114
-0.0937723657026639
0.5104135956130265
0.7020075127672771
0.5195128228668876
0.6188745977462136
0.8273725656166582
0.6053541465896506
0.0343971360188636
-0.4363791831307358
-0.7452890394594958
-0.9845044391309734
-1.0756323039650422
-0.4473063272854657
0.9658218249263142
1.9851407679181088
1.8441025879338089
1.0752499355155103
0.3705731671418183
0.1669936726382653
0.0909849436936731
-0.1328690806666849
-0.455859279031434
-0.6786599277202523
-0.8631640917988429
-0.9675685927422016
-0.9449038219663292
-0.0540570908657756
1.513588381824024
2.232772399774525
1.5935149845932115
0.6656239932498328
0.1580786092858843
-0.016784351825836
-0.2753311544036102
-0.5426442393472082
-0.7480571240688592
-0.9373616576714714
-1.0244026259894876
-0.6481512116607399
0.6974618211324423
1.9061096253141785
2.018783604670765
1.435415275353052
0.6928862246088715
0.2251099825079769
-0.1351611012222209
-0.3648915679446794
-0.4507632534175274
-0.5653317153898947
-0.7403376938006688
-0.864860157639165
-0.96864293964812
-0.9197967891010754
-0.0787228785349841
1.3155231417441575
2.0820114291225584
1.931130049299944
1.3313208462346808
0.7443725051455322
0.3355403930651867
-0.0030524533548102
-0.3483791855835234
-0.6175493154440744
-0.8157736693511668
-0.9280393686927004
-0.9565175905037432
-0.7832749648007932
-0.2738932795082717
0.7491108563651564
1.7518133138800749
1.9139554688553075
1.4108235414321957
0.745478197616264
0.2806285029916784
-0.070229929578488
-0.3956325098032336
-0.622334072203188
-0.7224301818671323
-0.7402837643755478
-0.7396110603982927
-0.7611097179195173
-0.8369143846531557
-0.8346143018854556
-0.2717441744905952
0.9966784702435504
1.930923087973956
1.982890780645015
1.4931362676764623
0.8351672083207176
0.3183631452380463
-0.0577634655253595
-0.3442096035190596
-0.6695853129913664
-0.934170622235724
-0.86275761671806
-0.2604329393826852
0.6793096379642726
1.008331218658736
0.562912417387591
-0.1345908542090866
-0.6626628670493212
-0.6460173336227132
0.3407709012923609
1.5878360620771066
1.7529373631575005
1.1304927207657052
0.4096135696118219
0.0348075827125436
-0.2581763247317362
-0.1718106910725175
0.5019123817968839
1.061855232640257
0.8575300646951648
0.3600673476071699
0.0421473124005775
-0.0119156667867152
-0.1505960693458224
-0.2878161155955345
-0.3617964825309681
-0.4733026413384476
-0.6274805450110287
-0.8035238517771977
-0.8134966974975125
-0.3917065879342591
0.4629792662996219
1.1581708804302993
1.675316175205804
1.9230199650550803
1.5385533740009416
0.8643232715503438
0.2708804196412603
-0.0773909083642152
-0.3016296082842079
-0.4828115357313201
-0.656133608785969
-0.7787233007718966
-0.8529474266225149
-0.8812398268168786
-0.8812065668409184
-0.6620910139882433
-0.157761191964504
0.3601577505395309
1.0696219051714917
1.6921612764871674
1.880269182274117
1.5039940208101863
0.8859569821709226
0.3099584556721541
-0.0545681863499934
-0.3533686127549575
-0.3801593889131902
-0.1030602867581176
0.0675984058726711
0.0758399839909185
-0.0679996117771338
-0.3898033247251594
-0.7742471398609391
-1.0732846872131414
-0.6082348727471468
0.8620553847740635
1.9419369026654285
1.7245123220047704
0.9174802598103372
0.1366973005846951
-0.3318947331990413
-0.7145475814439305
-1.035029114090431
-1.2317352776669448
-0.8839711433137548
0.4037661935968265
1.7239767393261172
1.9464065138794329
1.4253039711468236
0.6923346425334924
0.2609334638194577
-0.0018058695247359
-0.2902888312465697
-0.6616317919167487
-0.9330038664093618
-0.9811306585456612
-0.6368253772697311
-0.398495753387082
-0.4701682762410814
-0.3770191021956739
0.7969120848449721
1.8742162641212008
1.7876525244861905
1.220443413369908
0.5908630844538592
0.2986338708423955
0.0444991038211923
0.0642414804084259
0.2244736704114557
