        0.0 	0.000
        0.498 	0.507
        0.998 	1.015
        0.355 	0.362
        0.855 	0.870
        0.213 	0.217
        0.713 	0.725
        0.07 	0.072
        0.57 	0.580
        1.068 	1.087
        0.428 	0.435
        0.925 	0.942
        0.285 	0.290
        0.782 	0.797
        0.142 	0.145
        0.64 	0.652
        0.0 	0.000
        0.498 	0.507
        0.998 	1.015
        0.355 	0.362
        0.855 	0.870
        0.213 	0.217
        0.713 	0.725
        0.07 	0.072
        0.57 	0.580
        1.068 	1.087
        0.428 	0.435
        0.925 	0.942
        0.285 	0.290
        0.782 	0.797
        0.142 	0.145
        0.64 	0.652
        0.0 	0.000
        0.498 	0.507
        0.998 	1.015
        0.355 	0.362
        0.855 	0.870
        0.213 	0.217
        0.713 	0.725
        0.07 	0.072
        0.57 	0.580
        1.068 	1.087
        0.428 	0.435
        0.925 	0.942
        0.285 	0.290
        0.782 	0.797
        0.142 	0.145
        0.64 	0.652
        0.0 	0.000
        0.498 	0.507
        0.998 	1.015
        0.355 	0.362
        0.855 	0.870
        0.213 	0.217
        0.713 	0.725
        0.07 	0.072
        0.57 	0.580
        1.068 	1.087
        0.428 	0.435
        0.925 	0.942
        0.285 	0.290
        0.782 	0.797
        0.142 	0.145
        0.64	0.652
