-12.173773
-12.1135855631
-11.546387
-10.7253944532
-10.745274
-10.4922412827
-10.822678
-10.6433278432
-10.770012
-10.4774711802
-10.691906
-10.2583543322
-9.7861795
-9.35288319658
-9.6165595
-9.3809822922
-9.5397961
-9.49842513268
-9.6294784
-9.1459864755
-9.2138448
-9.38206108693
-9.6603656
-10.0387868389
-10.204135
-10.4306886398
-10.432931
-10.5095340691
-10.332978
-9.80043536592
-8.896925
-9.30156575942
-9.1884392
-9.2881645792
-9.5673749
-9.82184444442
-9.8825614
-10.3578728377
-10.285468
-9.61101494263
-9.5604822
-9.84385602862
-9.5359714
-9.73303846711
-9.4348484
-9.40377472488
-9.028196
-9.3529986546
-9.7636177
-9.86478891425
-9.8204186
-9.88140882799
-9.5603156
-9.69668507515
-9.641555
-9.73146064965
-10.026182
-9.97026768652
-10.148677
-10.1533745198
-10.253978
-10.310109259
-10.615888
-10.6388711676
-10.9642
-10.8769502836
-11.022516
-10.7867997867
-11.433287
-10.8882006149
-10.739889
-10.2169931933
-9.9677488
-10.5932733544
-10.577152
-10.403796828
-10.226295
-10.0756729848
-9.8575607
-9.51637065427
-9.5627156
-9.10805225554
-8.9063669
-9.25674158012
-9.4625989
-9.28192317298
-9.1172157
-9.09299011755
-9.2191141
-9.20697808951
-8.6978139
-8.67857734981
-8.740939
-8.46083573636
-8.2166226
-8.81315401653
-8.7987812
-9.05737709606
-9.058772
-9.21144070795
-9.1825049
-9.39226837818
-9.0986099
-9.36268624839
-9.5098747
-9.42626657072
-9.0910647
-9.38617217256
-8.9755238
-8.88458842752
-8.1577076
-7.92074824553
-8.5196909
-9.21921312049
-8.9115054
-9.07273131919
-9.0365265
-9.18929177607
-8.4877149
-8.25181388103
-7.9157499
-7.91856851604
-7.4867392
-7.44237697669
-8.3071524
-8.64233836751
-8.3897491
-8.39589828507
-8.2042828
-8.10385851153
-7.5675286
-7.31516544642
-6.9732038
-7.10719064344
-6.8325268
-6.55312043767
-6.4244206
-6.2405703017
-5.8723098
-6.05225147743
-6.8124736
-6.72373764092
-6.6580274
-6.16153428348
-5.625152
-5.68296317595
-5.3122843
-4.9797081371
-4.8628859
-4.23216842911
-3.4995897
-3.06150410529
-3.5707629
-3.64360120896
-4.1559068
-4.28654014434
-4.5666367
-4.69071830366
-5.5525814
-4.97576541912
-4.8670042
-4.61837032083
-4.6654134
-4.08586500926
-3.9720584
-3.43322372067
-3.7943912
-3.35175035098
-3.2042753
-2.22377570734
-2.0665334
-1.32066699225
-1.1475605
-1.67782272039
-1.0488566
-0.591774779357
-0.69616209
0.0917499566666
-0.040329879
-0.530190386443
-1.6703738
-1.46885970898
-1.8157308
-1.74893200809
-1.7703639
-1.74995230108
-1.9906875
-1.71957034528
-1.7321399
-1.36388117522
-1.063389
-0.919228010592
-1.2965723
-1.33706884142
-2.5174
-3.21301992093
-3.3881678
-3.43017193803
-3.6134929
-3.51110350748
-3.3217094
-2.44071199375
-1.7089558
-1.92535064853
-2.0619522
-2.55368816455
-2.5466107
-2.90281874765
-2.9486005
-2.87723097253
-3.0581061
-3.66122970409
-3.5362301
-2.98303798701
-3.6155468
-3.1701815298
-2.6110921
-2.45166549008
-1.9080212
-1.11466655355
-0.97585634
-1.55632439494
-1.9479691
-3.2272466047
-3.6152191
-3.84637820856
-3.7771516
-3.88534826722
-3.9638692
-4.41966475086
-4.4414557
-4.23435043472
-4.3893025
-5.05117951845
-4.9660924
-4.63485164615
-4.649885
-4.08534659152
-3.4029631
-2.79364339464
-3.0856069
-2.69920789068
-3.5489467
-3.21921589168
-3.2826848
-2.78014686805
-2.3282808
-1.57344536823
-1.9077712
-1.63713967171
-1.4354095
-0.987491907658
-1.8241922
-1.58416797396
-1.1682692
-0.585619316411
-1.4511689
-0.892823959348
-0.68635291
-0.325044144247
-0.45868226
-0.0577805623027
0.048390786
0.753351638037
0.76746725
1.01716988829
0.59899559
0.809440448764
0.76266876
1.2065969231
0.88690008
1.33196013424
1.3257906
1.2598064568
1.0107032
0.854751988725
-0.13133343
-1.40808709502
-1.7303154
-1.69676539608
-1.9294959
-1.76197092448
-1.8148985
-1.25482072856
-1.2493206
-0.731186684346
-0.65765927
-0.212134357138
-0.089695012
0.301384541959
-0.060590838
0.662108116987
0.43554814
0.0581106560305
0.028859275
1.35807714705
1.5961925
1.06024744847
1.0449733
1.0432494171
0.45989013
0.540020443195
0.40525443
0.624957050378
0.15834092
-0.057486929379
-0.64908232
-0.513753019612
-0.60929621
-0.424113509329
-0.45042367
-0.347786896657
-0.39926365
-1.48252237831
-1.1696806
-0.996034543014
-0.58722679
-0.311060673386
0.16061216
0.355345405676
0.88753226
1.33038778971
1.4412435
1.55401125373
1.638733
0.335955866656
0.2564385
0.601419197641
1.1475913
1.23480986101
1.4697963
1.14542751304
0.75948163
-0.615396690379
-0.80971827
-1.37768906715
-1.3759854
-1.58540232418
-1.3501908
-1.82272704939
-1.2917156
-1.16184377239
-1.3868864
-1.47518094395
-0.94310749
-0.942141468029
-0.38210667
-0.540961218508
-0.094318769
0.0872184390242
0.7503218
0.829540139899
0.96114363
0.929063890933
1.3747086
1.70173883498
1.61797
1.75043567787
1.7898717
2.11194275868
2.3575254
3.02196385139
2.9708228
3.07346665804
2.9430849
2.30081998944
1.634444
1.58747006954
1.5045539
1.77115378016
1.6261674
2.00203204106
1.685017
2.03809834801
1.9098939
1.86025339709
1.6750766
2.08851548445
1.6063826
1.88827196284
1.6015552
1.90314694873
1.802145
2.08081420199
2.1417156
2.4513069654
2.1419743
2.63736371318
2.9858696
2.87128180199
1.5793528
1.76660541162
1.7399909
2.19918338273
1.7582697
1.96345889643
2.1889607
2.34588990533
2.2663382
0.878780560215
0.70550374
0.719920047635
1.0450119
1.37160742496
1.6235047
1.43089118345
1.7505392
1.89137497679
2.0487814
1.93333405112
2.2972343
2.54829799401
3.245862
2.40910544459
1.3255311
1.18850059839
1.3157115
2.25862753833
2.7419794
0.468913470358
0.75797347
0.186527395825
0.1404527
-0.120939382259
0.37645431
0.0881500732215
0.12390489
0.172600642231
0.28795213
-0.271969302121
0.15585075
0.00773069650219
-1.5515276
-1.29576812132
-1.0577815
-1.00094951602
-0.57687042
-0.0160130926155
0.3559164
0.486040057115
0.77983731
1.40960069252
1.7052618
2.13502720062
2.3429452
3.32387374852
3.23555
1.40001906352
0.71381634
0.303242248948
-0.15742729
-0.186522433357
-0.25280328
-0.63222270014
-0.63755577
-0.103485445294
0.26890254
0.520392366165
0.67787759
0.96951098499
-0.022599542
0.207337119559
0.22371108
0.323395511971
0.38119615
0.972659036748
0.87165235
1.1221238451
1.0541697
1.58332759289
2.1124546
2.841227311
2.5896203
2.41942352991
2.3334937
1.26945271087
0.27963683
0.644351709843
0.41433521
0.707216480082
0.70653498
0.960104334582
0.77390701
1.40199122534
1.3087681
2.01760922943
1.0127262
0.0735175788429
-0.056834551
0.0237166616036
-0.0031195074
0.222231207345
0.3516512
0.627433461821
1.0352999
0.950741042404
-0.10861922
-0.0775603436395
-0.047752236
0.297150445798
0.78936575
0.939777614841
1.1906385
0.932587609996
1.0479596
1.28074106287
1.8197265
1.6065037706
2.1874664
2.01137000496
2.008536
0.764768475736
1.5965272
1.31778652043
1.2376569
1.54498012533
0.028676961
-0.718457667429
-0.97557416
-1.29861974071
-1.5260345
-1.61784832998
-1.8522636
-1.8761487635
-2.154489
-1.9417448773
-1.9614964
-1.80628019582
-2.1007807
-1.72354040895
-1.6686309
-0.380293250689
-0.92456243
-0.751212825763
-2.3797275
-2.25687569662
-2.5525375
-2.23803317844
-1.9396632
-1.61028103454
-1.3092813
-0.59633816943
-0.55902514
-0.104407159072
0.087838326
0.433654027441
0.7349257
-0.897250001306
-0.43724074
-0.22491280319
0.21151084
0.730027444968
1.2505247
1.29171696541
1.835481
2.25304264036
0.89642174
0.855792037373
1.4938571
1.43444504648
1.8760709
2.42711354995
3.3752451
3.83583734739
3.616428
1.97798784556
2.3923062
2.36607074453
2.3747542
2.25057246387
3.142003
3.35468438505
3.7914053
2.41059854855
2.9160602
3.26852145009
3.748779
3.75298156065
4.3057357
2.20161650894
2.4003389
2.80710592387
3.3691091
3.63194383413
3.9855359
3.99980499769
4.6457401
4.68703134885
3.8937069
3.28795803788
2.8088289
2.65268118693
3.2462367
3.24146796314
3.5974911
3.32848852547
3.6016666
3.47906167373
4.0526293
3.92746657319
4.5916574
3.03496638065
2.3914489
2.4765309923
2.9868666
3.46520286002
4.0897213
3.84925112166
3.3810331
2.89896579884
2.8855459
1.62167816877
0.73921875
0.482765235833
0.4241186
0.0193141023182
0.17583629
-0.0355450331665
0.21643032
0.319502080871
0.66662484
1.06410083886
1.5253296
1.01294990768
0.70647143
-0.0347922779467
0.76134359
0.910415340738
1.3921113
1.80552055899
2.177364
1.91017206202
1.4178914
0.490973573157
-0.046591303
-0.184929333087
-1.4710269
-1.7676046684
-1.6981673
-1.53396029992
-0.84279247
-0.567924166906
0.054604066
0.0415638033822
0.10822364
0.466019501108
-0.35111446
-1.15407980382
-0.95460102
-0.819108963154
-0.27129633
0.172051604998
0.24061245
-0.516424656988
-0.60043949
-0.910826181693
-1.2173978
-1.25785105864
-2.4074905
-2.65626487894
-2.7305227
-2.63593582264
-2.2401071
-2.21092894717
-1.8642987
-1.51563781221
-1.033875
-0.611969893208
-1.3140579
-1.42690181875
-0.9650042
-0.545195906032
-0.19248709
-0.0590581388745
0.40136471
0.489581897425
0.90241718
1.27185284704
1.2968986
-0.111080179703
0.046896657
0.676954495343
0.57313914
0.416643372331
0.40087879
0.45527325521
0.48581857
0.212621906347
0.31035241
0.778821043948
0.82298992
1.42697810443
0.88302214
0.701657429056
0.97738451
1.40703510274
2.0188168
2.04234035347
1.6865694
2.15754510008
0.28970074
0.824611322313
0.68738004
1.24435788267
0.96939158
1.66000696284
1.8028063
2.16023377892
2.0718547
2.61309035591
2.5011349
2.95607564673
3.0916545
2.75063014691
1.6355478
0.820042079341
0.68848447
0.501621645149
0.47293018
0.997103591667
1.0308714
1.4821088046
1.4978664
1.51783439868
1.7466745
2.24547549064
2.0536696
2.08515833086
2.2039803
1.26583184439
2.4476995
2.50901916256
2.4130973
1.69068260144
1.3283162
0.684336085858
1.0290374
1.33215715168
1.1313112
1.22258087396
1.6778928
1.81287130623
1.9423995
1.82970473749
2.0819367
1.94312521916
2.49989
2.31636695834
2.8586685
2.72772710949
3.407262
2.98637797945
3.1582566
2.18272028457
0.97585619
0.321683329548
0.83819245
0.599931324331
1.1976651
1.30180221936
1.6727245
1.88832221803
2.4762129
2.10260576045
1.7737056
0.687440779442
1.1383266
1.02885174339
1.6091345
1.56469808802
2.0758723
1.97779705309
2.5640522
2.53330411783
2.962814
2.90128192345
3.5030243
3.31260095004
3.792871
3.18052932126
2.821459
2.45546697204
1.2535746
0.982878402242
1.7358175
2.76940211249
2.8751385
1.38179312157
0.67996667
0.584851775888
0.090935165
0.475988606104
0.41054525
0.34454842946
-0.18056029
0.292662174528
-0.053575535
-0.45619471254
-1.0608022
-0.566342764185
-1.005942
-0.418188155444
-0.78746288
-0.0944826137626
0.11548063
-0.331164270327
-0.89144185
-0.567768613155
-0.42531307
0.0678341147817
0.4761624
0.787684552683
0.6217524
0.739098008247
0.60713227
0.839144458992
0.66195756
0.461843893673
-0.58386083
-0.638144741994
-0.65784389
-0.385946806213
-0.13524883
0.0362673135658
0.16875573
0.430853939197
0.74501899
1.04051112489
1.5403425
2.04193828566
2.1389132
0.719962403987
0.70201413
0.958231747181
1.5930406
2.17673921684
2.9260242
3.3375729438
3.4340519
3.78825934035
4.0641341
4.15983316172
3.7902094
3.54203810308
1.8806002
1.91945184776
1.9827585
2.38014026412
2.3620226
2.74217181358
3.1671577
2.31055842266
1.8198275
2.32926063359
2.2327163
2.53468408604
2.3732909
2.48662241284
1.4823908
1.8112148917
1.911751
2.27046432239
2.0196145
2.08052900199
1.4103077
1.46177171292
0.6180721
0.921645101759
0.99139306
1.25242556962
1.8633461
2.42823667436
2.3478788
1.99640668177
2.0768184
1.96017246102
2.2375176
1.84706643854
2.5788577
2.3744777178
1.1944529
1.19824294319
1.8333498
1.94380426336
2.6993772
2.75789944178
3.2106478
3.23289552665
2.9885561
2.59469317779
2.1840313
2.16288279384
2.2832085
2.72142693907
2.688853
3.65961113236
3.0180647
2.38118633266
1.347544
0.651261213684
0.13668262
0.0699996366322
-0.29187878
-0.637779323538
-0.93519185
-1.22124164469
-1.3949412
-2.39933541923
-2.0796054
-2.46694401313
-1.8994013
-2.0125203025
-1.2929485
-0.850689950994
-0.56435821
-0.156973280251
-1.310912
-0.905882285489
-0.75235207
-0.113641564442
-0.15810699
0.600804632119
0.63162764
1.21510472777
1.1279048
0.881925527241
0.63375873
0.405873283551
0.25696213
0.268721193642
0.17636442
-0.424416334568
-0.41555558
-0.600146346597
-0.025267616
-0.154665598397
0.16722452
-0.257556536623
0.0085010574
0.0982182993553
-0.064512108
0.633907992229
1.0532555
1.84054171319
1.7778482
1.45491219231
1.2004232
1.1095555413
1.4651996
2.03605293963
2.4475894
2.69293104683
2.8108646
3.23926976715
4.120881
4.12505974765
3.3196568
1.39325753798
1.0683969
0.277190516875
0.30163366
-0.411290798126
-0.077311806
-0.806082158429
-1.4610936
-1.34339831447
-1.2462224
-1.07448130789
-1.060826
-0.805235510299
-0.80559134
-0.229382874075
0.067962278
0.843474030738
0.68276485
0.612397421297
0.3283692
0.383520256808
0.38552186
0.168259237961
0.26939152
-0.0841205827763
0.63115914
0.869992856338
1.290654
0.714269626958
1.2982742
0.620917302751
-0.36571246
-0.313232894989
-0.049722973
-0.131476342605
0.13602784
0.399313342513
0.24745198
0.578220673355
0.11434837
-0.307469697108
-1.0991507
-0.663802200042
-0.39754992
-0.0722242366874
-0.048160854
0.597236625246
0.49637161
0.846208757629
0.95408035
1.09383748967
1.780276
0.859598354452
0.63929427
0.438653566056
1.2830613
1.32554271331
1.8884639
2.15627987486
2.6823903
2.6168913033
3.3134494
3.22560870839
3.9828766
3.20561929578
2.1673215
1.9641930755
2.2732132
2.6835208358
2.6471733
3.18635948032
3.0489662
3.2244600262
2.9611413
3.90202700422
3.5129
3.49808028579
1.7204711
1.90550431903
1.5633382
2.11433092458
1.777745
2.16445445882
2.2881153
2.5814041742
2.8026287
2.86950302593
2.8451973
2.99252717327
1.2577248
1.11461754601
1.6220515
1.82598747275
2.0984065
1.80614114426
1.8515731
1.27113756412
1.1131798
0.878164915784
0.43341357
-0.50775408148
-0.42854819
-0.62723583305
-0.083468858
-0.140509201447
0.25591849
-0.327542703552
-0.3308251
-0.76201807532
-1.1349706
-1.65683004214
-1.5772084
-1.73038312715
-1.7564467
-2.83714889826
-2.8751827
-3.22650433477
-2.7738355
-2.83616031659
-2.6699546
-2.66629541148
-2.6430576
-2.66556226355
-2.6008016
-2.43373600236
-2.3367264
-2.35803439189
-2.6771254
-3.06690429297
-3.3243144
-3.16826548906
-3.1828401
-3.10046322008
-3.5157803
-3.38448179402
-3.8362616
-3.31342402589
-3.6214956
-3.05392926045
-3.3057512
-2.65913651738
-2.4750005
-2.18688867177
-3.298163
-2.7976156062
-2.5209537
-2.00493764379
-1.4449348
-0.934386239506
-0.5974183
0.117108188731
0.46435332
0.734824771327
0.9914421
-0.341112143435
-0.47833091
-0.182339374356
0.15967657
0.132540903051
0.7784962
0.764102823922
1.7738294
0.685803120674
0.52200713
0.550289332755
1.3035112
1.08081486579
1.75584
1.58442818374
2.10894
2.49133018879
2.9988534
1.53790548204
1.3688957
0.825114915289
0.79919401
0.11881021027
0.14036673
-0.441899108111
-0.63940639
-0.550526401273
-1.3000596
-1.71619824192
-1.1606558
-0.923957429025
-0.35397371
-0.304277641294
-0.42605426
-0.311916145709
-0.2494849
0.0176753583973
-1.0939163
-0.949425276454
-1.1880755
-0.782132284774
-0.69898887
-0.46294416171
-0.22926632
0.358968126638
0.60381877
1.37684074529
1.3355545
2.07533935157
2.3320241
2.94309936546
2.3497824
1.10897477902
1.0421147
1.08957231347
1.0042158
1.1663187564
1.019309
1.74263096757
1.6863953
2.68750514131
2.9706111
3.38056566536
2.7416333
2.18863946867
2.2934454
2.44183078792
2.247014
2.23237733546
1.6885392
1.78400082984
1.4616629
1.40568516722
0.16183446
0.383055393287
0.050617524
0.0657360058965
0.072706619
-0.209860668785
-0.44676214
-0.663651113432
-0.41239412
-0.729272659154
-0.65801874
-0.530016382604
-0.27269546
-0.595899769937
-0.38144898
-1.11983326949
-0.8494803
-1.03804472996
-0.51408676
-0.298345767812
-0.19684789
0.0699536201405
0.44370108
0.385114582584
1.0463885
0.982199340242
1.6104318
1.50834114235
2.2870277
1.18566837109
0.89373146
0.542156679824
1.3619588
1.47396588457
2.1382178
2.00198760679
2.5081673
2.6751886699
3.3840102
3.20474634401
3.7512829
3.44117529338
3.2286645
1.23491792675
1.6867595
1.26398497312
1.8701118
1.63902104734
2.0613312
1.92174781747
2.3032649
2.12152188166
2.8632049
2.55298426166
2.3408802
1.10174295542
1.658548
1.35580650356
2.0142247
2.08858156778
2.6065562
2.45780202683
3.2773149
3.27281177751
3.3882118
1.52031223633
1.8306975
1.35785632658
1.4700449
1.22951951778
1.4065327
1.1997909956
1.6543443
2.08625285771
2.7506744
2.6546663968
2.2415188
0.710798623992
0.74400134
0.545279319128
0.421819
0.497169426626
0.56239343
0.932592629271
1.0654837
1.32689120117
1.1963326
0.623503196268
-0.25430373
0.128458858569
-0.18825463
-0.0593083094767
-0.0016303571
0.786096362748
0.86520366
1.62486792422
0.31340434
0.354774223194
0.37544927
0.899561058429
0.83561032
1.13961533393
1.1521004
1.89423442163
1.9460462
0.603012408349
0.80008573
1.29175369975
1.3001867
1.81144247885
1.5291198
1.54769465405
0.59935646
0.310933871278
-0.42037065
-0.0648651332971
-0.67602855
-1.5908210038
-1.6301698
-1.38212043667
-1.3869781
-1.14780328282
-1.4640826
-0.900333913476
-0.7004588
-0.295567882048
-0.025043383
0.496183316827
0.29151425
-0.407939759756
-0.85125958
-0.199110398549
0.13019587
1.1598997377
1.5910084
2.41300137345
2.585641
2.71962200977
2.09275
2.8845919329
2.2359656
1.16570885633
0.55869224
0.735474789744
0.51149465
1.03486689692
0.66039927
1.44716879303
1.9278785
2.64004729516
2.9108031
1.88397272847
1.3467977
1.60859579083
1.3587755
1.40859937696
1.2431614
1.82711577048
1.7791324
0.965356126363
1.0566153
1.46836046708
1.5829668
1.98234883155
2.2188523
1.93461872407
1.2396932
1.97563972998
2.2862765
2.69839939328
2.6415813
3.21814022053
3.2818363
4.02768278953
3.9132664
3.18190426898
2.2104968
2.79400935559
2.6609484
3.12187277004
3.1791219
3.71794203897
4.1217252
4.33130980736
3.092983
2.7609624841
2.6440834
2.01954504251
2.0016371
1.8837951929
0.81887818
0.628671535901
1.2939118
1.05535385009
1.4055011
0.933422857605
1.2198015
1.23561368275
0.35607812
0.0592326402767
0.51975566
0.940299921028
1.6086324
1.61520135542
1.6820884
1.54960187068
1.1836558
0.82628916823
0.34040164
0.235715058288
0.014317834
0.190568465163
-0.15596513
-0.268637282641
-0.69187601
-0.473261230375
-1.0721722
-0.775085377123
-2.1763956
-1.75256597115
-1.8965857
-1.35447707702
-1.3483608
-1.03556991578
-0.50648242
-0.629817658108
-1.1036243
-0.792759475115
-0.31068844
-0.122959403421
0.54532134
0.0860384264914
0.60239582
0.351019139361
0.32383489
-1.02699503807
-0.40814813
-0.171113338634
0.22976876
0.549543563415
0.86148056
1.67492282003
1.5923056
0.914429318468
0.79016514
1.56153472681
1.3739361
1.67058928305
1.5955127
2.17608326845
1.8971857
0.766053186911
1.227648
1.69991783413
1.9560133
2.44826433895
2.7951022
2.76296806289
3.6693405
3.31979296064
4.337011
3.77428472524
2.656579
1.57632937366
1.038363
0.625203981973
0.37305558
0.155387973734
0.020244384
-0.138148866407
-0.41648849
0.173071258747
0.12538712
0.0803677694712
-0.76426946
-0.113177103121
-0.19268118
0.367364190286
0.57082277
0.958664918318
1.5989155
1.58847455403
1.6302391
0.501309784108
1.4139566
1.61587619143
1.9607025
2.38908889501
2.2048431
1.11096024252
0.75238499
0.0720332847281
0.045700505
-0.0232381311298
-0.55119583
-0.718611410973
-1.2448451
-1.39822329617
-2.1042684
-1.98010142281
-2.1147545
-2.2819903022
-3.0434712
-2.85378693121
-2.5524204
-2.55634142634
-1.8687297
-1.37836032325
-1.0393699
-1.050155605
-0.54669625
-1.62402124059
-1.2433749
-0.834432718979
-0.30563963
0.232912201962
0.62441745
0.883347025763
-0.040298144
0.526556612974
0.95604188
1.58862594815
1.8539804
2.37544590526
0.40985762
0.479021942564
0.7263876
0.70233294598
0.83440432
1.41906092752
2.3682209
2.24596303907
1.6200616
1.02046535876
1.5203005
1.1517994949
1.471483
1.51481135081
1.2964221
1.70644987193
1.8256142
1.72679758289
1.4037008
1.7230860037
1.2940969
-4.15217632441
-6.8560989
-9.20245648089
-8.6062882
-12.2584157271
-11.920047
-23.0569504898
-17.605928
-17.5363879133
-17.029801
-16.1163052513
-15.758366
-15.2593503492
-13.971758
-13.6878456368
-13.68679
-12.8906670432
-12.770057
-11.9724732285
-11.364035
-9.85421374303
-16.332884
-16.8174635008
-15.838093
-11.9771538146
-10.956516
-9.81569680242
-8.6409029
-7.95449470498
-7.4806172
-7.49426030306
-6.9573297
-6.77465135789
-5.8043819
-6.26944199586
-5.9663036
-6.08912764364
-5.9771881
-5.49336502442
-5.4311154
-4.6698489408
-4.4742127
-3.95893805089
-3.987964
-3.24564555576
-3.323832
-2.18112098734
-1.9300587
-0.562897315654
-1.5857473
-1.63567259533
-2.1232288
-1.73108018036
-2.1193195
-1.86614724099
-1.6782422
-1.32402817489
-1.2722193
-2.61900374913
-2.3894008
-2.18579225842
-1.4746868
-1.81124509475
-1.4330973
-1.56203105596
-0.59004315
-1.17111689316
-1.1107743
-1.18693176071
-0.58849332
-0.787964282534
-0.3614082
-0.241904200508
0.1944487
-1.40996005969
-0.69516458
-0.721684599742
0.18005855
0.234769569731
1.0116588
1.35214978213
1.7901069
-0.177958014336
0.39913334
0.0810180757765
0.13708734
-0.265282773229
-0.82681748
-1.78665048702
-2.1801816
-2.87633826085
-3.8601156
-3.80239449937
-3.7905361
-3.16060381611
-2.5335873
-2.1903069977
-1.9286679
-1.09455515183
-0.59170387
-1.72168831593
-1.8063924
-1.87346718907
-1.7549795
-1.45418327627
-1.3652372
-0.525594828379
-0.75488622
-0.565243757373
-0.55827859
-1.45447775186
-1.3992841
-1.23832461523
-1.7421405
-1.9288361977
-2.2896113
-1.75018258724
-1.4738117
-1.64850717843
-2.2026251
-1.84327234389
-2.2214998
-1.52482957716
-1.6094425
-1.18691683671
-1.6242793
-1.05291592348
-1.2161059
-1.87013918916
-1.6561406
-0.966495850934
-0.61643091
-0.108995178091
-0.46267493
-0.127921617301
-0.39307278
0.15303035481
-1.5952842
-1.05498106645
-1.1036691
-0.446860915574
-0.66276823
-0.239664125964
-0.58925566
-0.432445282524
-0.89097568
-1.02729410255
-2.3934931
-2.64641722898
-3.0449782
-3.15503572031
-3.3107675
-3.18413294539
-3.6909874
-3.47265124982
-3.358906
-2.69077350607
-3.0428564
-2.69687606299
-3.055457
-2.75061628196
-3.1065362
-2.84953164614
-4.1972065
-3.59872331759
-3.9466981
-3.04139748956
-2.7630135
-2.53231666532
-2.4110689
-2.47431076419
-3.647451
-3.32583947957
-3.6174287
-3.45746841294
-3.9092171
-4.01116676378
-4.0933878
-3.58859822285
-4.1229423
-4.82696350397
-5.3305621
-5.24769979141
-5.4615621
-4.89040109707
-4.9659993
-3.9300598329
-3.6392603
-3.13045449251
-2.9604192
-2.31149872134
-2.9608836
-3.69959701263
-3.7516949
-3.3811930971
-3.207512
-2.41157004423
-2.436004
-1.65349396362
-1.7702759
-1.10914392914
-1.1388325
-1.16472276454
-2.1224913
-1.54881354454
-1.4345244
-1.1977313247
-1.0823738
-0.444886560479
-0.01991987
0.6472343243
-0.46382901
-0.53752129418
-0.49391144
-0.00652374000411
-0.20295951
-0.585422203578
-1.1110045
-1.15653253917
-1.3925169
-0.882175750019
-2.1951678
-1.67750808782
-1.221755
-0.622364593406
-1.3292848
-1.77346605572
-2.70341
-3.35004556051
-3.5597109
-4.61074990392
-4.9102981
-4.62554753426
-4.4513901
-4.44408622392
-3.8000819
-3.05842782084
-4.0015595
-3.12174547912
-2.7910929
-2.16463814412
-1.8296083
-1.30721079042
-1.2968499
-1.12224537539
-2.4028161
-1.55615360712
-1.6903904
-1.01839739227
-1.1577021
-0.796218453437
-0.79265349
-0.0261113058974
-1.7930352
-1.36760605962
-1.390914
-0.586284564554
-0.97906174
-0.669005752274
-1.0326506
-1.07080801685
-1.8849934
-1.52854207091
-1.8775509
-2.405302806
-2.457415
-1.909340708
-1.5455654
-1.28805191569
-1.0465422
-0.534584138705
-0.19530802
-0.0565704631687
-0.74034069
-0.329812885847
-0.64032097
-0.704890091491
-0.78018759
-1.5572354494
-2.1163915
-2.46886914472
-2.6909133
-3.32039935044
-3.0946943
-3.13141975071
-2.5147313
-2.3617084752
-2.7164335
-3.60948694054
-3.2746148
-3.78122744863
-3.2233823
-3.15274446138
-2.453612
-2.5034812186
-1.8091528
-2.50908799357
-2.2648747
-1.94714251793
-1.6686619
-1.88102237601
-1.5383682
-2.22815825258
-2.0026929
-2.47161758198
-2.6982214
-3.52872786538
-2.976191
-4.46126184111
-4.2814733
-4.52832703371
-3.9094728
-4.10365949148
-3.3510724
-3.25998906224
-2.0558236
-1.57375930918
-2.4786034
-2.93975038475
-1.842318
-1.57573278097
-0.95880457
-0.884266066482
0.021434174
0.00979008157149
0.41258154
0.145429005785
1.0145109
0.716008699982
-0.33451564
-0.609382704628
-0.049233814
-0.0983946210233
0.14013107
-0.0768755064097
0.36142646
0.134252925202
0.55005695
-0.435973862076
-1.0936741
-1.74724435078
-1.0897296
-1.27032078487
-0.76866027
-0.432872563931
0.77183892
1.10845364755
1.6283628
0.188164308261
0.94187059
0.717009280702
0.99522338
0.589436788504
0.15303908
-0.810244556808
-1.3009951
-2.14810101234
-2.3288798
-2.81269424806
-2.6746729
-2.76476042401
-2.5259085
-3.28238420311
-3.7020971
-3.69695860041
-3.2948846
-3.04443860857
-2.4184912
-1.79246698528
-1.3516843
-1.07558600489
-1.0599517
-1.02711926107
-0.80914111
-1.58420281562
-1.5860769
-1.66478422599
-0.68172602
-0.394756678368
0.30593618
0.589674326112
1.3766236
0.872079553969
1.3822301
0.995572057893
1.2600029
0.681214469511
0.32299965
0.26765892348
0.58370857
-0.00572049980671
0.20589114
-0.337242624228
0.23012803
-0.167411863518
0.46800291
0.629210974361
0.66282033
-0.300404910782
0.13696495
0.262069501832
0.92018391
1.28388157849
2.1849437
1.70491871283
2.261286
2.3431913114
2.4268345
0.26039399361
0.69824655
0.535515225646
0.7978266
0.860231305984
1.4272965
1.62847661489
2.0944979
1.41886969454
1.4503306
-0.342000473837
-0.24346732
-0.707656692501
0.12706105
0.146351557891
0.51276987
0.319016271173
0.66540301
0.0823623734322
0.059098183
-0.829411508036
-1.2156136
-1.96389986611
-1.4734445
-1.76972911525
-0.88906611
-0.708197182719
0.040399754
0.270172055251
0.95585748
1.11908998503
1.5531573
1.58862924805
1.1410047
0.314502995308
-0.38391002
-1.28991786202
-1.6280555
-2.04032690885
-1.9305553
-2.42821769707
-1.978067
-1.73692878049
-1.6005313
-1.244037441
-0.12480446
0.230210908471
0.41521723
-0.0269472039496
-0.93302167
-2.05323155785
-2.0691261
-0.917790951625
-2.2064471
-2.60774943511
-2.6061677
-1.01209063688
-2.6296315
-4.37715971147
-4.1473597
-2.91279170637
-2.8543115
-2.27242174872
-2.1884534
-2.3317021314
-3.2613036
-2.79595153008
-3.1918052
-3.26547722326
-3.7864239
-3.17774292043
-3.9880736
-3.08547549063
-2.962211
-2.90711710958
-2.7518772
-2.96557748378
-3.2286508
-3.10649884935
-3.163059
-3.64894059922
-3.5792708
-4.05741971159
-4.0993114
-3.48998902579
-3.486028
-3.45288019336
-2.9987985
-3.33896479127
-1.6534576
-1.29987755695
-1.0011516
-1.8396828133
-2.9977635
-2.93642857191
-2.1685009
-2.52508081341
-2.4258451
-2.68905339002
-2.704583
-2.40813254733
-3.1320749
-2.84936064479
-2.6605696
-1.90288735242
-1.5710761
-0.934952173527
-0.75646437
-0.416544944215
-0.41232163
0.11259857519
0.47333335
1.21127647072
1.3561538
1.15830036265
1.1342204
1.72658915791
2.1271299
2.39041253595
1.7990799
2.11801795494
1.4625259
1.57845814616
1.3841075
0.589058891023
0.38702373
-0.0054477843146
0.19092128
0.601174921211
0.77490063
1.25389722029
1.7434951
1.90184180376
2.6169183
2.83190140733
3.598501
2.92230032275
3.0382258
2.81286815694
2.8859462
2.42858344472
1.8473047
0.924519300667
1.4827017
0.839671642635
0.53287926
0.273482174597
-0.28659259
-0.489520438893
-0.29764156
-0.760537390887
-0.85541209
-1.36546630468
-1.3057492
-1.35096874819
-1.2542863
-1.32797634544
-1.180046
-1.15479595245
-0.57585832
-0.088708490562
0.34159029
0.797639235641
0.20400573
-0.0523897113908
0.032597502
0.658582376464
0.90616746
1.43961845125
1.9626699
2.16182353213
2.39077
2.98723956189
3.2433861
3.4147104077
3.3340801
2.24283459281
2.3589085
2.38310363512
1.9831566
1.92955793184
2.5861305
2.78444223508
2.0415953
1.94699625942
1.4288978
1.44075884444
0.3840816
0.359322750507
0.52185195
0.735361035607
1.3445273
1.68844091471
1.6661719
1.40299047978
1.5651794
0.88841504347
0.34947394
0.416953281523
0.95102216
1.19758252466
1.7394763
1.6511924401
2.2959593
2.55115650936
2.0213931
1.51784505127
2.3717867
2.45006919926
2.9452942
2.71506903116
2.9654398
2.3887494128
2.8877091
2.72414043043
2.0173237
0.993845959178
1.2132931
1.7049116501
1.7365343
1.63245293199
1.2038878
0.792088510926
0.70051434
0.534462945303
0.30402947
0.800830291137
1.0800355
1.37192236034
0.82917711
1.02355910328
1.3937164
2.17154259418
2.3128327
2.79009832097
2.6502822
2.63745992974
2.20968
1.52333967914
1.0450831
0.846487917584
-0.033036534
-0.324311101836
0.10182128
0.361486535507
1.1071474
1.32790253506
1.9496477
2.02234738879
1.4314319
0.60303867698
1.3513235
1.62908889532
1.4414429
0.818893362196
0.24027968
0.206320770143
-0.83826505
-0.556602079721
-0.23317253
0.684272636376
0.80895477
1.29111243628
1.1464068
0.95536989329
0.073044433
0.855200782354
0.84640787
1.33995914119
1.5354096
2.02826129261
1.2826154
1.22093474758
1.9159221
-0.774037941805
-0.83300576
-1.38947165352
0.02252431
0.849776523369
-0.41998398
-0.951419000444
-0.87408505
-0.804393021825
-0.28214896
-0.0640688814332
0.98830718
1.2911913275
1.6788069
1.57423693429
1.9690193
0.698471727881
0.72660386
0.653826042997
0.59275854
0.583757206302
0.9426564
1.32533278609
1.8334322
1.75022489424
1.458843
1.98690521834
2.5726743
3.41405282566
3.6262058
3.88081625685
4.0478246
3.93794387505
3.2258572
2.91905093208
3.2431229
3.51829937258
3.8414499
4.06832661725
3.8456468
3.87507670636
3.9153244
3.78856036152
4.4768816
4.8754756681
3.9718533
3.54637994659
4.1266235
4.3420395397
4.6623944
4.66082072215
4.9839535
3.36059166755
3.2829537
3.3792401643
3.963517
3.9882971035
4.5281463
4.72975282545
4.9019926
4.96019195057
5.0927485
5.57764432261
5.3969899
4.07474205354
2.876669
2.07562687559
1.4543794
0.547132119595
-0.29190594
-0.225246498078
-0.52951312
-0.493260385621
-0.84726204
-0.229966342546
-0.94032405
-0.86670269867
-1.6273014
-1.13457912889
-1.7932989
-1.63783492702
-1.9238778
-2.02139080634
-1.8537518
-2.15531560107
-2.6917295
-2.36828210513
-2.4158241
-2.01778711493
-1.8502771
-1.01106847098
-1.0174296
-0.525937953048
-0.042041617
-0.292116846574
-0.56765346
-0.0512597810522
0.44075965
1.25658355449
1.414024
1.9330802987
2.0447803
1.38660815267
1.4603617
1.99704207013
2.1104332
1.90243687182
1.118162
0.355048080608
-0.27614562
-0.39294465095
-1.2481192
-1.59590358313
-1.236784
-1.12337401441
-0.55462404
-0.177421160031
0.096819135
0.210291793458
1.1364036
0.865445713909
0.46055707
0.160854432295
0.56445677
0.319765494558
0.65982325
0.481451836339
1.0754844
1.77910933235
2.1077132
1.24663948436
1.9820459
2.30569802892
2.9345952
2.941060169
2.5329025
1.27599991044
0.99131102
-0.732145409388
-0.79670849
-1.33320667342
-1.4143788
-1.91464385677
-1.3656965
-1.06803058568
-0.33857931
-0.882825388631
-0.69982627
-0.498677787655
-0.13480708
-0.0271476204349
0.20612198
0.208171428522
0.89944134
0.787258819253
0.75207742
-0.502029026317
-0.58270611
-0.808230540505
-0.83862527
-0.703818094712
-0.18001717
-0.177078894591
0.22012809
0.528481519626
1.1254756
1.40450131499
1.7795171
0.517992438101
0.79136942
1.22796947782
1.7280119
1.99249423852
2.2813755
2.74917745909
2.6596518
2.15877485379
1.7617845
1.53431376189
1.5610413
1.71996333619
1.1162536
0.363137005819
0.50373848
0.733364498958
1.035207
1.36550227587
1.8777537
2.02478024608
2.0177554
2.28943442369
2.2354981
2.13366864771
1.542934
2.12210720656
2.1633112
2.46827321958
3.0198606
2.81585397797
3.0956705
3.49114989185
3.1598632
2.23811205241
1.5059035
0.215759757571
0.006115687
-0.475805444713
-0.36253278
-0.805726814733
-0.3598802
-0.266892726487
0.11246747
0.0703202390144
0.24680977
-0.851493418169
-0.6342397
-0.740099737871
-0.21405336
-0.263244904004
0.33697684
0.389337340279
1.1872739
0.13997948945
0.76190363
0.891255418123
1.940557
1.78986367487
2.8191011
2.71639851988
3.2200273
3.04236667861
2.1359442
1.69733306232
2.1698519
2.02223914873
2.4825667
2.43889131927
2.8731676
2.64129920165
3.3722149
3.48477469707
3.665858
2.75171153336
2.3883012
0.919222771508
0.27930356
-0.256305868654
-0.28754062
-0.423773932015
-0.72482418
-0.921384168756
-0.94930216
-1.36587942467
-1.2699525
-1.42341675162
-1.2122226
-1.18424306523
-1.9177844
-1.82458424701
-1.6009502
-1.24439931129
-1.3722869
-0.994405697291
-1.1734213
-1.39034027762
-1.8092796
-1.52407885087
-1.6745243
-1.82311339129
-1.7875257
-1.42554329956
-1.3350866
-0.796681231353
-0.30729107
-0.0346161697815
0.27234479
0.39481498369
-0.31577692
-0.284500585731
-0.17248531
0.282372116895
0.32868381
0.881318054959
1.4757634
1.99811606101
2.027297
2.09239895867
1.5976596
1.69626845447
0.59872746
0.350913250723
0.11100116
0.127256291693
0.26628473
0.460927953903
0.65235744
0.590463090765
0.28843097
0.0112951796869
-0.27795791
-0.496575334193
-0.43996981
-0.475600978448
-0.89237228
-0.846193705782
-1.0307552
-0.903940338064
-0.95511753
-0.943544603064
-0.7504224
-1.39990732815
-1.4371583
-1.7529807454
-1.9135539
-2.46101982888
-2.3707953
-2.90442401865
-2.8120059
-3.13823734749
-2.8605292
-3.04843769187
-2.5606789
-2.59332546402
-1.9743541
-2.17469925818
-1.9515459
-2.0635436608
-1.5625075
-1.41925793083
-1.0236426
-0.795582455451
-0.65126921
-1.43012399694
-0.74467608
-0.133211765528
0.27182001
1.34835071042
1.5085726
2.6940962993
2.7607033
3.37476239102
3.2285376
2.43806211107
1.5957051
1.44203204146
0.9531095
0.728708369512
0.23463155
0.0921313921787
0.0042160712
-0.695582490401
-0.54189392
-0.252220740722
0.28069732
0.630785219235
1.2251817
1.50120145037
1.9962618
2.18953668852
1.4110732
1.51676594556
1.8443604
1.66925846956
1.4899906
0.518620704562
0.24709061
-0.457120865164
-0.68187921
-1.72016011209
-1.5727079
-1.88958338464
-1.7679502
-2.28627963911
-2.646663
-2.93001687597
-2.8998939
-3.08143849741
-2.9658971
-2.69861131707
-2.6209452
-2.38988221202
-2.5712455
-2.06635169922
-2.4264828
-1.70115763476
-1.550171
-0.868471030621
-1.9319058
-1.3855879671
-1.668891
-1.13074159988
-1.0161473
-0.61191629535
0.25914119
1.13520614954
1.3544249
1.38594118252
0.14283019
-0.281105566779
-0.23958966
-0.547772333614
-0.64590063
-0.844426909027
-1.1972333
-1.63631917406
-0.96878271
-1.04138876372
-0.2851154
-0.134043259661
0.49062898
0.896329513455
1.6538417
2.14199788449
2.7342361
2.12773784066
1.707266
2.29190240297
2.3050083
2.37555766574
2.5336053
2.45418775874
2.2816924
2.86501886653
1.6709065
2.26829364969
2.243293
3.27935072874
3.3129417
3.85415118331
3.4008616
3.00080386073
2.2645794
1.02855172797
0.74853423
0.918316213918
0.86811001
0.978423490172
1.5213557
1.4608759302
2.4258082
2.95625241124
3.621523
3.60307112222
2.6942411
2.29402366561
2.7991182
2.43054760651
2.9497426
2.7775327591
2.2007058
2.57226336335
3.21525
3.77711856772
4.1793094
4.81239208781
4.6373527
3.76765310753
2.1339837
1.56216203298
0.73917662
0.772920300895
0.27129036
0.247708695629
0.18351453
-0.192026132473
-0.18871116
0.888688873068
0.99536392
1.72947507354
1.8341232
2.75825878246
3.0204634
3.20252221358
2.4191791
2.94865738633
2.6196277
2.13976421749
0.93093314
0.555461602331
-0.13008513
-0.274578878417
-0.60725912
-1.53250473222
-1.4710206
-1.50436170765
-1.183385
-1.31081570807
-0.74957562
-0.814186616781
-0.5178679
-0.39536425417
-0.96580334
-1.01865735607
-0.27931225
-0.0644349861657
0.4795737
1.00296585948
1.6854446
1.64932395832
1.6834954
1.9645750979
2.2324342
1.17743770725
0.90122278
0.0313312731323
0.27156659
-0.138314790004
-0.11688032
-0.442704405624
-0.43418379
-0.908484134326
-1.3595491
-1.78684642912
-1.9470858
-2.34923136072
-2.5218295
-2.96023627225
-3.0162026
-2.96205908731
-2.4428868
-2.43721483141
-1.8655767
-2.27684880798
-2.1055991
-1.89463157331
-3.7924915
-3.75475865706
-2.6697437
-1.68169176737
-1.2567903
-1.8258009997
-2.1257912
-2.23613038943
-2.1046176
-2.02714058899
-1.7622102
-1.54341638834
-1.8861478
-1.89085562402
-2.2054645
-1.71952395739
-1.322141
-0.776784381853
-0.61185385
0.358530787961
0.87168313
0.603856512087
0.86075959
1.51705361648
1.7133796
1.99384151391
0.73613688
0.173928702536
-0.3250749
-0.759974231604
-1.6214991
-1.77357452197
-2.085598
-2.00085853656
-2.038858
-1.73252661893
-1.8176622
-1.36293219158
-1.6667139
-1.39350250438
-1.5073295
-1.27245659224
-2.0894696
-1.55209974303
-1.3554273
-0.583487380383
-0.42743283
0.0743801011765
0.26389562
0.722202330233
-0.15705621
0.418394958969
1.0073899
1.61206847061
1.965743
2.37841161062
2.1490878
1.36910236293
1.9542174
2.20733511939
3.0714535
3.05284793895
3.6621627
3.67090397957
3.9371965
3.31640777715
2.8618325
1.65408089579
1.7287117
1.38846377459
1.8970074
1.73082248377
2.4208535
2.03942683982
2.5833397
1.37853144584
0.84055381
0.252287208538
0.30737937
-0.303020409131
-0.16554652
-0.58022748907
-0.013644312
-0.504810497512
-0.55694724
-0.932524290963
-0.3757403
-0.414965739454
-0.53926169
-0.192959058161
0.087018842
0.303128161062
0.40100854
0.581720923845
0.18834326
-0.417058145241
-0.038927632
0.0297108391505
0.18017059
1.26397838469
1.7129531
2.00206588881
1.4251556
1.94983931558
0.82530289
0.506228116226
-0.73675893
-1.04090817263
-1.7495946
-1.48528562783
-2.1561239
-2.10912678487
-2.748367
-2.36464626851
-2.3565681
-1.67079754219
-1.8914803
-1.42949875945
-1.8572698
-1.26683675752
-1.7653005
-1.79733498444
-2.0622971
-1.54231355718
-1.4569401
-0.824229334363
-0.65512359
-0.209409894733
0.51270885
0.777792012682
0.71797972
-0.0793114820092
0.42103698
0.33104657715
0.80247032
0.482944107938
1.0672484
0.778596558708
1.4714099
1.51921613298
1.1399247
0.816137026245
1.2964452
1.62384877648
1.7939195
1.34304695374
0.92465348
0.307032027626
0.27284926
-0.707313835444
-0.91331609
-0.920228452838
-0.6875545
-0.560801669388
-0.30243709
0.176889846604
1.0280505
1.68729533854
2.2476051
2.03805350072
1.0127604
1.12961759203
0.42173505
0.225672873926
-0.34113026
-0.0897670845442
-0.19895002
-0.000216358427977
-0.68922409
0.261387784377
0.33472067
1.24643288091
1.0452572
2.34408350747
2.098914
2.1380522223
1.6788113
1.15666383751
0.24939944
0.38100267822
0.31938894
0.350713002935
0.50817043
1.33792866935
1.385046
0.633446009964
0.84508231
1.04196584733
1.2794619
1.10430399187
1.5364497
0.721880447388
0.79173626
1.11851365953
1.9787056
2.12743605051
2.7929642
1.47145754778
0.45783081
-0.67374831067
-0.9374914
-1.66423693832
-2.3904006
-3.04058956737
-2.9615746
-3.53284794991
-3.2649532
-3.54320145676
-3.2005359
-3.39963418795
-3.0217771
-3.02539434618
-2.4139682
-2.47272016333
-2.7875745
-2.74884335365
-2.4102053
-2.77622110316
-2.3536701
-2.60745790219
-1.777023
-2.35096175249
-2.2566448
-1.80736146551
-0.79895548
-0.296391206314
0.26768525
-0.0768029057624
0.28359429
-0.39653924801
-0.49150501
-0.28788578056
0.047011002
0.437858445937
0.77608656
1.18532563618
0.32199176
-0.255819360154
-0.63370963
-1.83459446903
-2.2252621
-2.65442636125
-2.964743
-3.06756399384
-3.1603597
-3.16788217642
-3.2036193
-3.11798232911
-2.7729878
-2.40607056804
-2.6278937
-2.48248950851
-2.1708014
-1.60535832802
-1.4075598
-1.09956023693
-0.88894289
-1.59652384853
-1.591618
-0.895685077303
-0.65165043
-0.158204450115
-0.26118476
-0.110496402758
-0.39294105
-1.00744143041
-1.4036968
-1.0467517252
-1.551455
-0.9939182466
-1.0216364
-0.475390813697
-0.17909551
-0.508780227844
-0.36578623
0.151113615146
0.022017603
0.114145048211
-0.45665371
0.122817586289
-0.72168736
-0.381804787245
-0.13035922
0.779962980236
1.1134124
1.76474277419
2.0583927
1.91353057468
1.3041734
2.08243473235
2.4637645
3.24678888958
3.3016074
4.14632939239
3.913309
4.80151653561
4.5122003
3.68295620093
3.2530465
3.801111775
3.8050841
4.37844643389
4.5094815
5.18533287288
1.3589638
1.0690543006
1.3947005
0.866733392215
0.075423281
-0.543426521507
-1.211456
-1.62472416686
-1.9899702
-2.49576888233
-2.6065467
-2.70048230089
-2.4624089
-2.39974646425
-2.1560583
-1.9421749877
-1.5297769
-1.12014197054
-0.54010619
-1.52250885933
-1.3697648
-1.22573692655
-1.1332069
-1.16072541555
-0.26888937
-0.146600880039
0.23394667
-1.08937528012
-1.1530852
-1.56090134795
-1.2834806
-2.06697883676
-1.9245852
-1.84364451454
-1.770504
-1.74135856491
-2.0304917
-1.93617219621
-1.422172
-0.705694883179
-0.46463038
0.639766829158
-0.47463486
0.310034693702
-0.071641572
0.397712000961
0.20123293
1.06013528755
0.33257547
1.24767637301
1.6055365
2.65781072815
2.6839816
3.28823352944
2.7124767
1.53984371359
1.7270326
1.66154622485
1.5951072
1.43969586979
1.2203947
1.04533680529
0.93193081
0.674412092765
0.80442067
0.630976540973
1.1941255
0.932411683488
1.5211042
1.43586042507
1.8955119
2.07112393927
2.4100887
2.40243402983
2.7715574
2.38246394752
2.1328845
1.41703946853
1.2487441
0.478745915508
-0.16605002
-0.181186834551
-1.0693659
-1.33273524763
-1.366065
-1.93413671132
-1.9233202
-2.34976329902
-2.6997824
-2.15082693697
-1.8648441
-1.17302533169
-1.1264565
-1.12277053743
-1.4501493
-2.08784016881
-2.3455989
-1.88747982387
-1.9664784
-1.03257715673
-0.62814639
-0.0744070242461
-0.67106321
0.159770149322
0.68528624
0.772449278059
1.0210149
0.419626703471
-0.28332193
-0.594160533703
-0.42301359
-0.619247543112
-0.28298459
-0.24178130709
-0.84532156
-1.12727880371
-0.52231716
-0.724095953375
-0.25030008
-0.129623259122
0.08723054
-0.384243511292
0.14896063
0.0358638401303
0.29989118
0.803393252876
0.64688184
0.922475885556
0.55164499
0.604016656198
-0.77301846
-0.346565489761
-0.089280887
0.38185675348
-0.41631315
-0.070518296677
0.34004549
0.736612488088
1.066626
1.33073664535
1.8796321
1.84000629881
2.7335799
2.47586933885
2.7946195
2.05221289396
1.7566808
0.731173829927
0.091473807
-0.322946293372
-0.49979309
-0.70566514164
-0.92529794
-0.825173740291
-0.87608366
-0.769949429531
-0.92074159
-0.902854705135
-0.75658464
0.0121523768456
0.11148486
0.639453606643
0.68170867
0.265376761704
0.39795998
1.31348404779
1.3789356
2.01964659518
2.0987921
2.82879600497
1.4666305
2.07475304732
2.1424073
2.92599068818
2.7733009
3.16684040814
2.6419453
2.46699710651
1.8671268
0.662041353249
0.062790272
-0.168885420633
-0.27983117
-0.473398721499
-0.18174579
-0.306802370282
-0.16055291
-0.284406424067
-0.32143757
-0.668926741312
-1.1236464
-1.54192186438
-1.3148328
-1.37548668362
-0.93871137
-1.02308989674
-0.33284981
-0.632601193234
-0.78874395
-1.09817055009
-1.1623921
-2.023513724
-1.7093211
-1.65375279337
-1.4577549
-0.89267300642
-0.72267304
-0.347969695694
-0.27124021
-0.495425617429
-0.86879159
-0.783462222048
-0.5841275
-0.0714968712912
-0.23147672
0.127512805233
0.10521175
0.457733960286
-0.59930872
-0.441952575687
-0.53784124
0.270888030035
0.55582366
1.39107721281
1.7234003
2.59774226501
2.3320367
1.58738165115
1.1226649
1.22859408093
0.92138392
1.24681315937
0.81388698
1.42681240307
0.34857355
0.559168927982
0.59602303
1.41398907492
1.3954597
2.38919383918
2.2829778
2.66411008084
2.4544598
2.6250776086
2.1511593
2.29291204642
1.0743785
1.46594697866
1.13598
1.52174204273
1.0868301
1.20249708
0.99931736
0.824915030839
0.4383823
-0.323726944814
-1.0179958
-0.619300398702
-0.97665808
-1.04163402537
-0.8883707
-1.32187053891
-1.7393539
-1.30582015464
-1.7679959
-1.53177459652
-1.9365621
-1.7425448171
-2.7161614
-2.26589848371
-2.5889997
-2.0473447007
-2.2013755
-1.89082181085
-2.1007821
-1.78463496665
-2.2330094
-2.32125924502
-3.3192789
-3.55337116707
-4.0505663
-3.93672806556
-4.2034487
-3.5995836366
-3.1281967
-2.7454024636
-2.4437759
-2.49399221119
-3.3138798
-3.14370655633
-3.285732
-3.0810619573
-2.9728801
-2.77634709458
-2.445152
-1.80595663119
-1.2472403
-0.693746556178
0.0096447457
0.669209022782
0.77682896
0.140984179513
-0.074481228
0.243099824124
0.52380135
0.70271278655
1.0069133
-0.17824099755
-0.55972529
-1.81557832324
-1.4194465
-1.6682340672
-2.0138406
-1.92527701159
-2.0229999
-2.68421263768
-2.5956744
-3.502671887
-3.5063902
-3.47486692487
-2.8654585
-3.21988471289
-2.7868332
-3.03549004064
-3.4605471
-3.81621752934
-3.4180278
-3.54441406904
-3.0543751
-2.62617025565
-1.8545425
-1.39770059002
-0.53013115
-1.36145538676
-0.43168579
0.0930069694471
1.0825193
1.13607455026
1.5539471
1.02123976064
2.2967968
2.7960950869
3.8422563
3.28817016852
2.9485981
2.10606402246
1.5999425
0.908449792599
1.2274723
0.717400944675
0.95256878
1.04009224079
1.6052903
1.66208713797
2.222767
1.32554242643
2.1615912
1.66301164863
1.9583506
1.09407087078
1.1892027
0.815438084221
0.92461973
0.800779864702
0.93577548
0.695616244366
1.2245566
0.217809404373
0.54794622
0.691770360334
1.1996472
1.54307422433
2.4290109
2.63822911624
3.3008941
3.35166538566
2.5361161
2.44099374969
3.4202984
3.70421864863
4.039081
4.2516886982
5.1358368
4.17448240813
3.6617286
3.48582978143
4.1059259
3.88157472622
4.5930878
4.31601713128
3.8802909
2.99813298683
2.8579905
2.06157872141
1.4289143
1.00007014177
1.4645542
1.43521234743
2.3212329
2.32509704463
3.154585
3.11238902485
3.4894976
3.17148543279
3.1559647
1.8912173423
2.2732901
2.32437593609
3.0232157
3.33347880896
3.8112111
3.76971247022
4.0386481
2.52669378338
3.0742552
3.25958397676
3.7283209
3.37938383268
3.679897
3.3279198693
3.5788378
2.91057577103
2.5944485
2.34636449228
3.002868
3.0885421111
3.4698953
3.41787088582
3.536888
4.19575784628
4.3966115
4.22529853582
3.813798
4.23518493468
4.3607936
4.81764604323
4.7088213
5.27945752336
3.8706674
3.8319270311
3.3686645
3.90590182303
3.2330562
3.50611934261
2.9949116
3.24190276804
2.9694008
3.18978362592
2.9351536
2.14927041152
1.9857526
1.99286257988
2.5130527
2.30835460138
3.1077957
3.17986725206
3.1875646
2.28005250166
1.6479254
0.838771745382
0.50983336
-0.339762419543
-0.1531443
-0.261024673656
-0.082598251
0.223247061562
0.91388267
1.38892191635
1.7535462
1.34554303999
1.7989435
2.4019942487
2.7989856
3.34701239373
3.5942394
4.31740747525
4.3413227
5.42713099052
4.6752981
4.22951701792
2.5075321
2.23414308754
1.7080328
1.4402540104
1.2170777
0.535812186616
0.34266677
-0.111122798892
0.30094341
-0.0395944029417
-0.047979
-0.478870113396
-0.11651162
-0.301961956309
-0.24171818
-0.0653034013492
0.044435853
0.0341415412486
0.26426687
0.166941463704
0.27792731
-0.372947756826
-0.041849174
0.25817737954
0.67970872
1.37615474967
1.202734
1.18350587303
0.74889771
0.209560099624
-0.3631324
-0.164696072491
-0.143232
0.116075503845
0.38330096
0.748374843031
1.1147332
1.24935622705
1.6760902
1.41177381127
0.6915137
-0.0542984579039
-0.0025085771
-0.26305896753
0.35020643
0.435464498594
1.3000173
1.49002442643
2.0890856
2.2620613089
1.3839801
1.70125470753
2.0311177
2.9513179446
3.0933286
4.09172508073
3.9526881
3.93839983276
3.4441779
2.37841165693
4.8375443
5.11502090599
5.2617282
3.36104393456
3.1398165
2.51623903774
2.6766762
1.9380932844
1.8100528
1.41338571819
1.8260437
1.82583291014
2.3277477
3.04000980564
3.9823045
4.28827717218
4.3364874
3.72430991558
3.6210583
3.82073013403
3.8333065
4.25166139815
4.5405883
5.45768545166
5.6533196
6.29917568168
6.7801651
5.69764555153
5.9985632
6.66492818289
6.6937751
7.16515840035
6.7948106
5.53858527922
5.8385313
5.76423878401
6.386912
6.36728334889
6.846869
5.62149115118
5.998811
6.17994084885
6.7107809
7.06231833911
7.3987004
6.01577168962
5.5109484
6.03954651181
6.0597553
6.79001454793
6.9055272
7.29836777158
7.4156337
7.55895355947
6.7102382
5.82067414143
4.3463937
4.13581889067
3.942228
4.01607555658
4.1718003
4.75913378546
4.5564659
4.40407714639
5.3472627
5.81644381397
6.5840127
6.74243712328
7.7211539
6.95844734965
6.2278986
5.87705016127
6.6547119
6.62860354011
7.2254417
7.13969950269
6.8979269
5.79759876809
5.1704189
4.64403205974
4.2046039
3.76560854085
3.0613755
3.31158914878
3.4365395
4.13242065421
4.2653197
4.70142488495
4.2101951
3.69929932981
2.8699835
2.53909665669
1.5897336
1.50992855197
0.97093168
0.839266430903
0.64462909
0.459378540887
0.35841839
0.902618911946
0.78433252
0.67017213877
-2.0322579
-0.454679703817
0.39020251
-0.00252628841142
-0.43985062
-0.778352669556
-1.2586553
-1.85313136541
-1.7411751
-2.10355486102
-1.6417327
-1.96335680638
-1.3571506
-2.12538129383
-1.1770469
-0.90600056244
-0.13027464
0.606081202305
1.2904913
1.79302733955
1.0722612
1.58813891857
2.0186138
2.57412375992
2.7294283
3.81191003031
2.9945252
3.59962380033
3.9397559
4.81187877215
4.7253608
5.35820523981
3.5854226
4.10088521244
4.0372723
4.64295670278
4.8924159
5.63545415139
5.7748376
4.8708040331
5.1659152
5.70585134871
5.9894513
6.66811331906
6.8918878
7.3668278417
6.1170171
5.72597452584
5.8319857
5.66099432993
5.5977105
5.65479224634
5.7402273
5.95285256821
6.3621058
6.22263186981
6.6095973
5.38256145173
5.2840974
5.09050866348
5.6394637
5.09784241935
5.3981544
4.81159270503
5.0704293
4.88461129089
5.3233591
4.86617670944
4.1443437
3.57513585837
3.7081945
3.23096281023
3.8204984
3.64454183701
4.5201316
3.84827152108
4.2021517
4.23920650517
4.6602653
3.94917506117
3.9350157
3.48397371421
3.6547962
3.3159255106
3.2385229
2.07111633129
2.4275625
2.26423931544
2.6734425
2.90795210448
3.4642555
3.81346975229
3.5393871
3.25358004974
3.9552495
4.23625174412
5.0801267
4.95687161252
5.6008871
4.19537073411
4.4604744
4.53594333536
4.7578649
4.89242234176
5.3323067
5.64415944749
4.6233567
4.79673738361
5.2041717
5.29678909466
5.564194
5.8025473353
5.8451814
5.71130841551
4.2596733
3.68375757725
3.8263467
4.0492642601
4.1642999
4.71542221552
4.684922
5.56579206022
4.2775476
4.52048986147
4.4106761
5.05435593826
5.0347144
5.49026897171
5.3844605
5.9601720695
4.6243529
5.2324386346
5.1695168
5.70429106181
5.5844489
6.11856875793
6.0248247
6.37599715145
6.1564128
6.66328204083
4.7457697
3.78522521618
3.3449583
3.75005296859
3.4582592
4.04304782867
3.6092926
4.34416783999
3.9766992
3.71111868584
3.7172871
4.4693493806
4.4895455
5.29500930386
5.5352778
5.92010997167
5.2596887
4.87789281721
3.9348201
2.9863703078
2.745197
2.80924091695
2.5879742
2.80487861219
3.1271951
3.51828745254
3.7442158
4.12769886964
3.6468497
4.38870612125
4.1034465
4.44165651576
4.5396029
4.79353701069
4.6895966
4.75893914343
3.9434716
2.92165887083
2.1842961
2.20408727578
2.0285075
2.14635452488
1.8224027
2.11007217158
1.1967388
1.58283550006
1.5179758
2.09174307639
2.1137674
2.33348687753
2.4956065
2.40965487753
2.0877143
2.64800530926
2.9740437
3.96216328713
3.8206285
4.67402500546
4.9402369
5.43165356109
4.9495199
3.89007883104
2.8964991
2.57934028954
2.1657258
2.37900169303
2.1616917
2.27308288491
2.0862684
1.98888118072
1.3537224
0.780082764272
0.04988013
-0.181390323793
0.27999809
-3.31721930086
-8.2555811
-10.7103607717
-11.229322
-10.5438689905
-10.509696
-9.76672843628
-9.8659481
-9.62126398508
-8.7890119
-7.6912738524
-6.4680614
-4.73249445183
-3.0882986
-1.68565513008
-0.56301182
0.167037499963
1.3479219
2.31052602684
2.4726549
