0.00129969  -0.00118034  0.00158781  0.0843642  -0.0263618  0.115726  
0.000314673  -0.00122569  0.00191172  0.0944238  -0.00426648  0.136899  
0.000501652  -0.00137448  0.00158781  0.0929153  -0.0598126  0.100896  
0.00115368  -0.00116905  0.00176192  0.0891934  -0.0755892  0.0987962  
0.00132077  -0.00103246  0.00174747  0.0907458  -0.0456116  0.109196  
0.00140723  -0.000990944  0.00158781  0.0922928  -0.0379516  0.122333  
0.00140723  -0.00112098  0.00158781  0.10198  -0.0357662  0.122314  
0.00112142  -0.000981831  0.00173158  0.0935843  -0.0269353  0.122323  
0.00104168  -0.00110158  0.00158781  0.0934364  -0.00408254  0.122305  
0.000137448  -0.00119847  0.00174386  0.0867466  0.0362435  0.162239  
0.000137448  -0.00137448  0.00171998  0.090947  0.0362465  0.167193  
0.000750907  -0.000978277  0.00158781  0.0850152  -0.046267  0.12124  
0.00129967  -0.000708269  0.00170899  0.087132  -0.0551651  0.126264  
0.00108855  -0.000910296  0.00173301  0.0904588  -0.0336392  0.138046  
0.00105748  -0.000905437  0.00169865  0.08964  -0.0185831  0.140184  
0.000803034  -0.000894626  0.00175869  0.0891232  -0.000314497  0.145228  
1.00791e-05  -0.000996867  0.00158781  0.087965  0.0634432  0.197272  
0.000115152  -0.00111685  0.00189763  0.0831081  0.0801339  0.21031  
0.000740036  -0.000924882  0.00175201  0.0841631  -0.0103066  0.150723  
0.000942003  -0.00084353  0.00174498  0.0848717  -0.0235939  0.14257  
0.00112284  -0.000953184  0.00181533  0.0814532  -0.00717236  0.153245  
0.000957777  -0.000888688  0.001828  0.0851914  -0.00718866  0.144946  
0.000814709  -0.000874013  0.00179407  0.0876517  0.00743888  0.162612  
0.000230878  -0.00103011  0.00198619  0.0772205  0.057908  0.188994  
0.000283326  -0.0010004  0.00183818  0.0828611  0.00658064  0.153821  
0.000767257  -0.000874906  0.00158781  0.0771887  -0.0148246  0.140533  
0.000802934  -0.000930704  0.00184369  0.0921485  -0.0103269  0.155875  
0.000955172  -0.000846704  0.00179171  0.0850432  -0.00408378  0.15262  
0.000831509  -0.000808865  0.00183805  0.0954775  -0.00236185  0.158007  
0.000744409  -0.000763009  0.00181677  0.0914219  0.00460407  0.154168  
0.000415117  -0.000615305  0.00191312  0.0933548  0.0211861  0.166679  
-0.000251306  -0.000989058  0.00202411  0.0892664  0.0559289  0.189771  
-0.000179334  -0.00112856  0.00194194  0.0772245  0.0104417  0.152227  
0.00079949  -0.000790621  0.00174895  0.0847661  -0.0359924  0.131572  
0.0007201  -0.000829327  0.00182432  0.0812371  -0.0178695  0.131365  
0.000897759  -0.00078535  0.00158781  0.0772421  -0.0178443  0.130462  
0.000830465  -0.000746453  0.00181281  0.0806501  -0.00970884  0.130547  
0.0007201  -0.000628424  0.00178377  0.0800357  -0.0178636  0.130561  
0.0007201  -0.000801164  0.00181784  0.0772332  0.0240316  0.130533  
-0.000408671  -0.000937255  0.00189228  0.0772237  0.0580585  0.172129  
-0.000315252  -0.00109104  0.00195901  0.0772454  0.0748065  0.186737  
-0.000150045  -0.000941461  0.00180806  0.0839856  -0.0377063  0.116009  
0.000498298  -0.000838632  0.00158781  0.0772324  -0.0376982  0.12408  
0.000519013  -0.000804545  0.00177542  0.0772251  -0.0195235  0.132882  
0.000570415  -0.00069081  0.00175848  0.0772272  -0.013931  0.129779  
0.000454196  -0.000569747  0.0018346  0.088447  -0.00497674  0.110571  
0.000505068  -0.000648427  0.00186839  0.0851574  0.0107531  0.119032  
0.000851087  -0.000581914  0.00176736  0.0942453  0.0102562  0.119153  
0.000409773  -0.00073144  0.002074  0.0857232  0.0536221  0.170291  
-0.00046529  -0.00112621  0.00222132  0.0867888  0.0759808  0.200336  
-3.26169e-05  -0.000844749  0.00215093  0.0772749  -0.00450062  0.139734  
0.000547101  -0.000849228  0.00193803  0.0853039  -0.0329575  0.117871  
0.000588955  -0.000636359  0.00185309  0.0857792  -0.014077  0.13143  
0.000588954  -0.000584677  0.00190273  0.0939713  -0.01524  0.139749  
0.000588955  -0.000589502  0.00190335  0.0898  -0.00157732  0.139747  
0.000588955  -0.000440854  0.00188263  0.085421  0.00767776  0.139763  
0.000330981  -0.000796239  0.00204697  0.0772591  0.0580209  0.18221  
-0.000398449  -0.00107503  0.00211877  0.0773161  0.105389  0.212511  
-3.87983e-05  -0.000866299  0.00193222  0.0772945  0.0328449  0.155695  
0.000462626  -0.000757064  0.0017134  0.0772903  -0.0144824  0.133327  
0.000566796  -0.000490287  0.00182064  0.077279  -0.0144906  0.145522  
0.000667749  -0.000430833  0.0017134  0.0772606  0.00553356  0.141556  
0.000667749  -0.000350211  0.001865  0.0854032  0.00544288  0.138447  
0.000534628  -0.000426252  0.00189388  0.0772394  0.0353963  0.160457  
-0.000161266  -0.000698642  0.00207395  0.077257  0.0999013  0.210543  
-0.000161266  -0.000698884  0.00199621  0.0772801  0.0681716  0.180863  
0.00064863  -0.00059632  0.0017134  0.0772707  -0.00239862  0.161161  
0.000752777  -0.000531609  0.00191598  0.0772848  0.00854012  0.147781  
0.000679454  -0.000426503  0.00191609  0.0772769  0.00853507  0.140508  
0.000595365  -0.0004516  0.0017134  0.0772714  0.014588  0.141923  
0.000667076  -0.000346908  0.0017134  0.0772586  0.0223539  0.137035  
0.000458615  -0.000367503  0.00191599  0.0805189  0.0304032  0.139917  
0.000446076  -0.000351566  0.0019036  0.0816643  0.027263  0.143892  
1.92193e-05  -0.000546437  0.00198427  0.0772394  0.0685691  0.191416  
-0.000453607  -0.000658558  0.00190437  0.0772489  0.0727478  0.191425  
0.00027455  -0.000533991  0.0017134  0.0772641  -0.0114336  0.13747  
0.000480877  -0.000501669  0.00164391  0.0772513  0.00736771  0.147241  
0.000480877  -0.000469058  0.0017134  0.0772555  0.00477606  0.158716  
0.000392997  -0.000429851  0.0017134  0.0805724  0.0155417  0.145949  
0.000376818  -0.000381298  0.0017134  0.0772497  0.0224837  0.148341  
-2.20571e-05  -0.000828486  0.0017134  0.0772991  0.0582655  0.187627  
-0.000692513  -0.000785007  0.0018864  0.0773026  0.0816283  0.187656  
-0.000127167  -0.000661743  0.0017134  0.0745526  0.0130846  0.139551  
0.000536503  -0.000706798  0.00158459  0.0710144  -0.00898701  0.138127  
0.000688042  -0.000580321  0.0017134  0.0773131  0.000653698  0.155584  
0.000371163  -0.000549227  0.0017134  0.0773074  0.00561017  0.13657  
0.000371163  -0.000456632  0.0017134  0.0773221  0.00986873  0.13556  
0.000184244  -0.000370216  0.0017134  0.0773138  0.0230921  0.143172  
-0.000352716  -0.000598557  0.00190284  0.08364  0.0708014  0.169088  
-0.000599088  -0.000773089  0.0017134  0.0773127  0.0669647  0.150149  
8.19853e-06  -0.000596002  0.0017134  0.0773335  -0.00424117  0.126191  
0.000455273  -0.000534474  0.0017134  0.077331  -0.00423032  0.123068  
0.000788875  -0.000319196  0.0017134  0.0772929  0.00354485  0.131484  
0.000793322  -0.000361637  0.0017134  0.0772942  0.00737274  0.131472  
0.000525689  -0.000318795  0.0017134  0.0773117  0.0111922  0.119233  
-0.000290029  -0.000493908  0.00184122  0.0718201  0.0767203  0.155082  
-0.000778298  -0.000578526  0.00195055  0.073299  0.0925367  0.169386  
-4.03732e-05  -0.000421009  0.0017134  0.0773203  0.00821383  0.119324  
0.000451936  -0.000289949  0.0017134  0.0773203  -0.00420484  0.129154  
0.000613153  -0.000235948  0.00187139  0.0773334  0.00822238  0.122419  
0.000764537  -0.000145752  0.00192215  0.0773312  0.00822128  0.117144  
0.000704636  -0.000271424  0.00193355  0.0773342  0.00821877  0.121919  
-0.000146689  -0.000488231  0.00189082  0.0773354  0.0663038  0.169963  
-0.000643989  -0.000488231  0.00204075  0.0773503  0.0913255  0.187632  
0.000128648  -0.000488231  0.00181568  0.0773318  0.0228139  0.139466  
0.000342192  -0.000291391  0.0017134  0.0773218  0.000867349  0.131387  
0.000428875  -0.000289107  0.0017134  0.0773214  0.0184238  0.12832  
0.000443653  -0.000197342  0.00184214  0.0773235  0.0146851  0.122707  
0.000460796  -0.000179733  0.0017134  0.077312  0.0191189  0.12653  
-1.12827e-05  -0.000488231  0.00195828  0.0728308  0.0769291  0.1801  
