0.00129969  -0.00118034  0.00158781  0.0843642  -0.0263618  0.115726  
0.000314673  -0.00122569  0.00191172  0.0944238  -0.00426648  0.136899  
0.000501652  -0.00137448  0.00158781  0.0929153  -0.0598126  0.100896  
0.00115368  -0.00116905  0.00176192  0.0891934  -0.0755892  0.0987962  
0.00132077  -0.00103246  0.00174747  0.0907458  -0.0456116  0.109196  
0.00140723  -0.000990944  0.00158781  0.0922928  -0.0379516  0.122333  
0.00140723  -0.00112098  0.00158781  0.10198  -0.0357662  0.122314  
0.00112142  -0.000981831  0.00173158  0.0935843  -0.0269353  0.122323  
0.00104168  -0.00110158  0.00158781  0.0934364  -0.00408254  0.122305  
0.000137448  -0.00119847  0.00174386  0.0867466  0.0362435  0.162239  
0.000137448  -0.00137448  0.00171998  0.090947  0.0362465  0.167193  
0.000750907  -0.000978277  0.00158781  0.0850152  -0.046267  0.12124  
0.00129967  -0.000708269  0.00170899  0.087132  -0.0551651  0.126264  
0.00108855  -0.000910296  0.00173301  0.0904588  -0.0336392  0.138046  
0.00105748  -0.000905437  0.00169865  0.08964  -0.0185831  0.140184  
0.000803034  -0.000894626  0.00175869  0.0891232  -0.000314497  0.145228  
1.00791e-05  -0.000996867  0.00158781  0.087965  0.0634432  0.197272  
0.000115152  -0.00111685  0.00189763  0.0831081  0.0801339  0.21031  
0.000740036  -0.000924882  0.00175201  0.0841631  -0.0103066  0.150723  
0.000942003  -0.00084353  0.00174498  0.0848717  -0.0235939  0.14257  
0.00112284  -0.000953184  0.00181533  0.0814532  -0.00717236  0.153245  
0.000957777  -0.000888688  0.001828  0.0851914  -0.00718866  0.144946  
0.000814709  -0.000874013  0.00179407  0.0876517  0.00743888  0.162612  
0.000230878  -0.00103011  0.00198619  0.0772205  0.057908  0.188994  
0.000283326  -0.0010004  0.00183818  0.0828611  0.00658064  0.153821  
0.000767257  -0.000874906  0.00158781  0.0771887  -0.0148246  0.140533  
0.000802934  -0.000930704  0.00184369  0.0921485  -0.0103269  0.155875  
0.000955172  -0.000846704  0.00179171  0.0850432  -0.00408378  0.15262  
0.000831509  -0.000808865  0.00183805  0.0954775  -0.00236185  0.158007  
0.000744409  -0.000763009  0.00181677  0.0914219  0.00460407  0.154168  
0.000415117  -0.000615305  0.00191312  0.0933548  0.0211861  0.166679  
-0.000251306  -0.000989058  0.00202411  0.0892664  0.0559289  0.189771  
-0.000179334  -0.00112856  0.00194194  0.0772245  0.0104417  0.152227  
0.00079949  -0.000790621  0.00174895  0.0847661  -0.0359924  0.131572  
0.0007201  -0.000829327  0.00182432  0.0812371  -0.0178695  0.131365  
0.000897759  -0.00078535  0.00158781  0.0772421  -0.0178443  0.130462  
0.000830465  -0.000746453  0.00181281  0.0806501  -0.00970884  0.130547  
0.0007201  -0.000628424  0.00178377  0.0800357  -0.0178636  0.130561  
0.0007201  -0.000801164  0.00181784  0.0772332  0.0240316  0.130533  
-0.000408671  -0.000937255  0.00189228  0.0772237  0.0580585  0.172129  
-0.000315252  -0.00109104  0.00195901  0.0772454  0.0748065  0.186737  
-0.000150045  -0.000941461  0.00180806  0.0839856  -0.0377063  0.116009  
0.000498298  -0.000838632  0.00158781  0.0772324  -0.0376982  0.12408  
0.000519013  -0.000804545  0.00177542  0.0772251  -0.0195235  0.132882  
0.000570415  -0.00069081  0.00175848  0.0772272  -0.013931  0.129779  
0.000454196  -0.000569747  0.0018346  0.088447  -0.00497674  0.110571  
0.000505068  -0.000648427  0.00186839  0.0851574  0.0107531  0.119032  
0.000851087  -0.000581914  0.00176736  0.0942453  0.0102562  0.119153  
0.000409773  -0.00073144  0.002074  0.0857232  0.0536221  0.170291  
-0.00046529  -0.00112621  0.00222132  0.0867888  0.0759808  0.200336  
-3.26169e-05  -0.000844749  0.00215093  0.0772749  -0.00450062  0.139734  
0.000547101  -0.000849228  0.00193803  0.0853039  -0.0329575  0.117871  
0.000588955  -0.000636359  0.00185309  0.0857792  -0.014077  0.13143  
0.000588954  -0.000584677  0.00190273  0.0939713  -0.01524  0.139749  
0.000588955  -0.000589502  0.00190335  0.0898  -0.00157732  0.139747  
0.000588955  -0.000440854  0.00188263  0.085421  0.00767776  0.139763  
0.000330981  -0.000796239  0.00204697  0.0772591  0.0580209  0.18221  
-0.000398449  -0.00107503  0.00211877  0.0773161  0.105389  0.212511  
-3.87983e-05  -0.000866299  0.00193222  0.0772945  0.0328449  0.155695  
0.000462626  -0.000757064  0.0017134  0.0772903  -0.0144824  0.133327  
0.000566796  -0.000490287  0.00182064  0.077279  -0.0144906  0.145522  
0.000667749  -0.000430833  0.0017134  0.0772606  0.00553356  0.141556  
0.000667749  -0.000350211  0.001865  0.0854032  0.00544288  0.138447  
0.000534628  -0.000426252  0.00189388  0.0772394  0.0353963  0.160457  
-0.000161266  -0.000698642  0.00207395  0.077257  0.0999013  0.210543  
-0.000161266  -0.000698884  0.00199621  0.0772801  0.0681716  0.180863  
0.00064863  -0.00059632  0.0017134  0.0772707  -0.00239862  0.161161  
0.000752777  -0.000531609  0.00191598  0.0772848  0.00854012  0.147781  
0.000679454  -0.000426503  0.00191609  0.0772769  0.00853507  0.140508  
0.000595365  -0.0004516  0.0017134  0.0772714  0.014588  0.141923  
0.000667076  -0.000346908  0.0017134  0.0772586  0.0223539  0.137035  
0.000458615  -0.000367503  0.00191599  0.0805189  0.0304032  0.139917  
0.000446076  -0.000351566  0.0019036  0.0816643  0.027263  0.143892  
1.92193e-05  -0.000546437  0.00198427  0.0772394  0.0685691  0.191416  
-0.000453607  -0.000658558  0.00190437  0.0772489  0.0727478  0.191425  
0.00027455  -0.000533991  0.0017134  0.0772641  -0.0114336  0.13747  
0.000480877  -0.000501669  0.00164391  0.0772513  0.00736771  0.147241  
0.000480877  -0.000469058  0.0017134  0.0772555  0.00477606  0.158716  
0.000392997  -0.000429851  0.0017134  0.0805724  0.0155417  0.145949  
0.000376818  -0.000381298  0.0017134  0.0772497  0.0224837  0.148341  
-2.20571e-05  -0.000828486  0.0017134  0.0772991  0.0582655  0.187627  
-0.000692513  -0.000785007  0.0018864  0.0773026  0.0816283  0.187656  
-0.000127167  -0.000661743  0.0017134  0.0745526  0.0130846  0.139551  
0.000536503  -0.000706798  0.00158459  0.0710144  -0.00898701  0.138127  
0.000688042  -0.000580321  0.0017134  0.0773131  0.000653698  0.155584  
0.000371163  -0.000549227  0.0017134  0.0773074  0.00561017  0.13657  
0.000371163  -0.000456632  0.0017134  0.0773221  0.00986873  0.13556  
0.000184244  -0.000370216  0.0017134  0.0773138  0.0230921  0.143172  
-0.000352716  -0.000598557  0.00190284  0.08364  0.0708014  0.169088  
-0.000599088  -0.000773089  0.0017134  0.0773127  0.0669647  0.150149  
8.19853e-06  -0.000596002  0.0017134  0.0773335  -0.00424117  0.126191  
0.000455273  -0.000534474  0.0017134  0.077331  -0.00423032  0.123068  
0.000788875  -0.000319196  0.0017134  0.0772929  0.00354485  0.131484  
0.000793322  -0.000361637  0.0017134  0.0772942  0.00737274  0.131472  
0.000525689  -0.000318795  0.0017134  0.0773117  0.0111922  0.119233  
-0.000290029  -0.000493908  0.00184122  0.0718201  0.0767203  0.155082  
-0.000778298  -0.000578526  0.00195055  0.073299  0.0925367  0.169386  
-4.03732e-05  -0.000421009  0.0017134  0.0773203  0.00821383  0.119324  
0.000451936  -0.000289949  0.0017134  0.0773203  -0.00420484  0.129154  
0.000613153  -0.000235948  0.00187139  0.0773334  0.00822238  0.122419  
0.000764537  -0.000145752  0.00192215  0.0773312  0.00822128  0.117144  
0.000704636  -0.000271424  0.00193355  0.0773342  0.00821877  0.121919  
-0.000146689  -0.000488231  0.00189082  0.0773354  0.0663038  0.169963  
-0.000643989  -0.000488231  0.00204075  0.0773503  0.0913255  0.187632  
0.000128648  -0.000488231  0.00181568  0.0773318  0.0228139  0.139466  
0.000342192  -0.000291391  0.0017134  0.0773218  0.000867349  0.131387  
0.000428875  -0.000289107  0.0017134  0.0773214  0.0184238  0.12832  
0.000443653  -0.000197342  0.00184214  0.0773235  0.0146851  0.122707  
0.000460796  -0.000179733  0.0017134  0.077312  0.0191189  0.12653  
-1.12827e-05  -0.000488231  0.00195828  0.0728308  0.0769291  0.1801  
-0.00061038  -0.000488231  0.00202552  0.0743566  0.0818921  0.180125  
3.06587e-05  -0.000488231  0.00190937  0.0773333  0.00489099  0.131556  
0.000419801  -0.000243611  0.00190943  0.0773297  0.00884477  0.123368  
0.000581593  -0.000354898  0.00190394  0.0773353  0.00698233  0.124637  
4.18227e-05  -0.000317406  0.0019847  0.0711307  0.0540847  0.16247  
-0.000661427  -0.000488231  0.00205751  0.0719687  0.0985206  0.180216  
-2.78348e-05  -0.000337204  0.00171341  0.0613164  0.0199803  0.130419  
0.000691744  -0.000264134  0.00171341  0.0613164  0.00290951  0.139355  
0.000691744  -0.000105189  0.00171341  0.0695455  0.0200199  0.129695  
0.000482484  -9.20129e-05  0.00171341  0.0779695  0.0200164  0.121503  
0.000351888  -0.000263408  0.00171341  0.0689698  0.0238282  0.112979  
0.000339639  -0.000239261  0.00171341  0.0772222  0.0200156  0.108286  
3.37248e-05  -0.000217402  0.00179631  0.0700769  0.0377265  0.121518  
-0.000776053  -0.000312592  0.001881  0.0666057  0.0754347  0.164257  
-0.000955341  -0.000257362  0.00171341  0.0670534  0.0579427  0.146983  
4.40191e-05  -0.000179856  0.00171341  0.0689793  0.0097544  0.132279  
0.000412945  -0.000181795  0.00171341  0.0696249  0.0133707  0.142017  
0.000332459  -0.000145635  0.00171341  0.0701873  0.026556  0.147524  
0.000445922  -0.000142419  0.00183581  0.0749681  0.0380865  0.153953  
-0.000434199  -0.000189075  0.0018986  0.0613031  0.107792  0.187625  
-0.000786263  -0.000292633  0.00182978  0.0613116  0.10173  0.186266  
1.74899e-05  -0.000277968  0.00171341  0.0613147  0.0202927  0.13546  
0.000246114  5.62496e-05  0.00171341  0.061297  0.0327595  0.137588  
0.000173557  3.766e-05  0.00171341  0.0613075  0.0167025  0.109998  
9.96225e-05  -7.99667e-05  0.00144083  0.0673469  0.0167096  0.0977678  
-0.000522427  -0.000268661  0.00171341  0.0613014  0.0838904  0.17517  
-0.00115781  -0.000289858  0.00171341  0.0613004  0.106817  0.193508  
-0.000245025  -0.000182915  0.00171341  0.0613131  0.026761  0.149987  
0.000302406  -6.81909e-05  0.00158684  0.0613172  -0.00370582  0.112179  
0.00020429  2.03222e-05  0.00157331  0.0655104  0.000503507  0.0917428  
0.000281014  -2.68563e-05  0.00150862  0.0613054  0.000515367  0.0986729  
-0.000105765  -2.81418e-05  0.00171341  0.0613256  0.0152748  0.0974739  
-0.000874928  -0.000168419  0.00171341  0.0613109  0.0826655  0.160002  
-0.00115355  -0.000360599  0.00171341  0.0613189  0.070679  0.151997  
-0.000331323  -0.000174756  0.0014367  0.0613142  -0.0180093  0.0846104  
0.000143776  -3.20479e-05  0.00147137  0.0713552  -0.000911934  0.093083  
4.80487e-05  3.94492e-05  0.00146217  0.061309  -0.00390157  0.0856747  
-0.000220142  -9.35754e-05  0.00129564  0.0612846  0.0261116  0.122538  
-0.000811017  -0.000295149  0.00147086  0.0475381  0.0817976  0.163521  
-0.000706865  -0.000349425  0.00148612  0.0613022  0.0307311  0.123406  
-0.000250039  -1.39311e-05  0.00124003  0.0585045  -0.00602383  0.102385  
-9.82514e-05  6.10999e-05  0.00136255  0.0650175  0.010437  0.103067  
1.0944e-05  7.96388e-06  0.00129564  0.0612986  0.00719234  0.0845366  
-0.000507122  -0.000200613  0.00129564  0.0612872  0.0104237  0.10323  
-0.00100912  -0.000299343  0.00143677  0.049892  0.0762606  0.144824  
-0.000947745  -0.000166222  0.00129564  0.0430004  0.0258446  0.113533  
-0.000273066  2.99815e-05  0.00129564  0.0506485  -4.6787e-05  0.108543  
-7.15709e-05  0.000102501  0.00129564  0.0573649  0.0169917  0.103123  
0.000132926  9.04169e-05  0.00129564  0.0578074  0.0137311  0.110136  
0.00015548  7.48766e-05  0.00129564  0.0583493  0.0169984  0.109613  
0.000197826  4.47008e-05  0.00142984  0.0586235  0.0250643  0.121685  
-0.000309102  -1.67214e-05  0.00143394  0.0529218  0.0573085  0.142066  
-0.000784209  -0.000227716  0.0014165  0.0429963  0.0751562  0.144302  
-0.00010468  -0.000267092  0.00120646  0.0506151  -0.00913188  0.0985165  
0.000127716  -6.53241e-05  0.00119815  0.0503099  0.0043449  0.110297  
-3.25109e-05  4.93159e-05  0.00129564  0.0464893  0.0153751  0.112013  
7.51957e-06  5.8234e-05  0.000969275  0.0505431  0.0139835  0.112189  
-8.77503e-05  7.35847e-05  0.00129564  0.0429818  0.0205641  0.104978  
-0.000356942  3.0703e-05  0.00121789  0.050149  0.0414542  0.127124  
-0.000489272  -0.000202271  0.00124531  0.0429888  0.0933105  0.146109  
9.73806e-05  -0.000127695  0.00129564  0.0429846  0.0699398  0.136325  
-9.26548e-05  3.27656e-05  0.000888859  0.0429865  -0.0184097  0.101834  
-3.92977e-05  7.71885e-05  0.000888859  0.0429724  -0.00377583  0.112137  
-4.11278e-05  9.09706e-05  0.000826978  0.0406998  0.0158913  0.125048  
-0.000280696  0.000187568  0.000834498  0.0429418  0.0314258  0.127137  
8.02684e-06  0.000154801  0.000888859  0.0429581  0.0374904  0.131694  
1.99698e-05  0.000136294  0.000888859  0.0429605  0.0374912  0.134494  
0.000101374  0.000197227  0.000833617  0.042946  0.0375026  0.132854  
9.47874e-05  0.00024527  0.000888859  0.0429421  0.0374995  0.120596  
2.21447e-05  0.000233305  0.000819598  0.0429482  0.0274957  0.112659  
1.95127e-05  0.000246182  0.00088886  0.0429308  0.0374943  0.121049  
-0.000698094  -1.08263e-05  0.000986371  0.0429461  0.083544  0.170084  
-0.000799229  -7.77964e-05  0.00088886  0.04296  0.0835346  0.175487  
-0.000154694  0.000146266  0.00088886  0.0429886  -0.0206662  0.106451  
-3.78338e-05  0.000189248  0.000838042  0.0429904  -0.00353501  0.11127  
0.000331646  0.000116892  0.00088886  0.042974  0.0250299  0.11667  
0.000331646  0.000218767  0.00088886  0.0429404  0.046157  0.125773  
-0.000178681  0.000112158  0.00088886  0.0429272  0.0774748  0.167264  
-0.000826136  -8.90811e-05  0.00088886  0.042943  0.128112  0.202303  
-9.24826e-05  5.22338e-05  0.00088886  0.0429604  0.0408817  0.131552  
0.000234071  0.000215925  0.00088886  0.0429779  0.0053199  0.0984896  
0.000234071  0.000148519  0.00088886  0.0429806  -0.00308056  0.0730836  
0.000234071  0.000215925  0.00088886  0.0429779  0.00572447  0.0792795  
-1.15496e-05  0.000215925  0.00104052  0.0429822  0.00490232  0.0600712  
8.23883e-05  0.000215925  0.00118889  0.0429822  -0.00310064  0.0457721  
2.88978e-05  0.000161059  0.00088886  0.0429781  0.00587218  0.068212  
0.000234071  0.000215925  0.00113749  0.0429785  0.0113816  0.0777906  
-0.000528823  0.000128904  0.00125858  0.0429786  0.0511206  0.131357  
-0.00122602  -6.40205e-05  0.0011408  0.0430069  0.0750881  0.168799  
-0.000302062  9.21175e-05  0.00088886  0.0429809  0.00211803  0.10114  
7.27197e-05  0.000165245  0.00088886  0.0429784  -0.0040114  0.0998384  
4.50391e-05  0.000215925  0.0010152  0.042982  0.00212294  0.0914189  
-0.00079881  -0.000243305  0.00101405  0.0382182  0.0576952  0.142292  
-0.00118071  -0.000243305  0.000983047  0.0390744  0.0761478  0.155357  
-0.00031624  -2.65212e-05  0.00088886  0.0292264  0.00102441  0.105679  
0.000146778  0.000178903  0.00088886  0.0366186  0.00694194  0.10569  
0.000146778  0.00022578  0.00088886  0.0429819  0.0149597  0.0954549  
-0.000671242  8.76139e-06  0.00104199  0.0429932  0.0766825  0.146767  
-0.000977737  -0.000243305  0.00088886  0.0430157  0.0666614  0.128221  
-0.000369876  7.79737e-05  0.00088886  0.042988  0.0125557  0.105201  
3.07426e-05  -1.51216e-05  0.00088886  0.0393221  0.0181984  0.112446  
0.000167297  3.80392e-05  0.000825796  0.0400658  0.0126191  0.104299  
-0.000275374  -7.67002e-05  0.00088886  0.033211  0.0427192  0.13293  
-0.000841946  -0.000133548  0.000996287  0.0262173  0.0883082  0.142948  
-0.000165121  0.000152365  0.00088886  0.0261806  0.0158684  0.094777  
-2.98061e-05  0.000186659  0.000822828  0.0261915  0.0159132  0.0904835  
-2.98061e-05  0.000210854  0.000761573  0.0313329  0.0159145  0.0883577  
-2.98061e-05  0.000162631  0.000808432  0.0261993  0.0159136  0.0823816  
-0.000764564  -0.000243305  0.00088886  0.0262279  0.0651403  0.13398  
-0.000805794  9.34952e-06  0.000837355  0.0262027  0.0651429  0.114965  
-0.000263927  6.95335e-05  0.000831233  0.0307395  0.0168331  0.0949549  
-0.000120681  0.00022092  0.00088886  0.0291772  0.0143592  0.0958571  
-9.43895e-06  0.000124795  0.000831812  0.0262209  0.0150368  0.0930001  
-0.000275266  -2.05771e-05  0.00082566  0.0262144  0.0335621  0.120859  
-0.00103517  -0.000243305  0.00088886  0.0262279  0.0826831  0.146922  
-0.00058459  -8.53575e-05  0.00088886  0.0262186  0.0213438  0.109154  
-0.000215835  5.86699e-05  0.000790833  0.0262268  -0.0143201  0.0736522  
-0.000182524  -9.77221e-06  0.000576246  0.0262303  0.00262257  0.0626032  
-0.00021449  -0.000243305  0.000594353  0.0230524  -0.000987587  0.0527922  
-0.000497575  -0.000126764  0.000599257  0.0225242  0.0272097  0.0899924  
-0.00125317  -0.000243305  0.000776911  0.0241668  0.0764382  0.119049  
-0.000776181  -0.000243305  0.000691121  0.0163578  0.00658552  0.0830815  
-0.000151599  -5.60684e-05  0.000654412  0.0227371  0.00658469  0.0832864  
3.34498e-05  -9.31836e-05  0.000429724  0.026233  0.00658674  0.0775548  
-0.000134558  -0.000243305  0.000648589  0.0262264  0.0126893  0.0851671  
-0.00106579  -0.000309459  0.00078565  0.0136091  0.0659652  0.129578  
-0.000849481  -0.000243305  0.000678162  0.013538  0.0111131  0.0872328  
-0.000396257  6.84969e-06  0.000480207  0.0219462  -0.0202778  0.0706677  
-0.000225071  -3.54112e-06  0.000480207  0.0225422  -0.00965228  0.0741242  
-0.000225071  -0.000178612  0.00038728  0.026234  -0.00902704  0.0778016  
-0.000343225  -0.000119403  0.000422179  0.009191  0.0165783  0.0879  
-0.00122696  -0.000243305  0.000480207  0.0106861  0.0738118  0.107346  
-0.00112481  -0.000243305  0.000412413  0.0123641  0.0475272  0.102792  
-0.000141062  -6.92335e-05  0.000315346  0.011323  -0.00879526  0.0816083  
-5.86452e-05  -1.77794e-05  0.000241573  0.0105859  -0.00878752  0.079966  
-5.86452e-05  -8.37843e-05  0.000219282  0.0101362  0.00769583  0.0736078  
-0.000334303  -0.000243305  0.000336397  0.0185552  0.0186712  0.0900045  
-0.000985226  -0.000177875  0.000390703  0.011573  0.0613423  0.110083  
-0.000625305  -6.32139e-05  0.000244335  0.0101928  0.017821  0.0766646  
5.78667e-05  -0.000127858  0.000229595  0.0122602  -0.00796989  0.0874453  
6.69664e-05  6.67418e-05  5.06924e-05  0.0262124  -0.00329191  0.0846122  
5.53783e-05  8.65583e-05  0.000195663  0.0130326  0.00973096  0.0693022  
0.000139634  4.63154e-06  0.000239731  0.0101515  0.0223904  0.0732612  
-0.000233672  -1.2181e-05  0.000203983  0.0187166  0.0384087  0.0848359  
-0.000802666  -0.000243305  0.000323511  0.012223  0.084985  0.123035  
-0.000537146  -6.94094e-05  0.000186979  0.00921699  0.020167  0.0868289  
0.000142076  0.000154694  0.000131218  0.0166034  0.00237058  0.071839  
0.000260425  9.19982e-05  7.02773e-05  0.00923479  0.00237515  0.0503604  
0.000318928  8.9829e-05  0.000143993  0.00923805  -0.0185357  0.0391753  
-0.000112621  -7.00721e-05  7.02773e-05  0.00924942  0.000439411  0.00209256  
-0.000574393  -0.000243305  7.02773e-05  -0.000322753  0.0699278  0.105267  
-0.000397257  -0.000180278  7.02773e-05  0.00555454  0.0567508  0.104633  
-4.10615e-05  7.16409e-05  0.000131706  0.00925093  -0.00583244  0.0478981  
-0.000228429  0.000107592  7.02773e-05  0.00926664  -0.00578474  0.0253007  
-0.000123916  0.000169492  7.02773e-05  0.00592051  -0.00844673  -0.00191604  
-0.000164678  2.56704e-05  7.02773e-05  0.00614036  -0.00958934  -0.00190948  
-0.000111511  6.26062e-05  0.000191523  -0.00328172  -0.00577481  0.0178916  
-0.000650901  1.18155e-05  0.000346477  0.0113201  0.0406107  0.074119  
-0.00119996  -0.000115658  0.000416931  0.00925821  0.0275287  0.0613565  
-0.000440766  0.00014425  7.02773e-05  0.00926926  -0.0211771  0.0293987  
-0.000264299  1.30161e-05  0.000193904  0.00925995  -0.0171092  0.0367683  
-0.000177232  0.000222991  0.000255949  0.00925783  -0.0105574  0.0347404  
-0.000471701  9.19058e-05  0.000293949  0.00924175  0.031734  0.0677229  
-0.00147745  -3.60149e-05  0.00030652  0.00924532  0.0678761  0.0831687  
-0.0005697  6.70492e-05  0.000207716  0.00924363  -0.0110388  0.0541304  
0.000167717  0.000116953  7.02773e-05  0.00925076  -0.0284495  0.0379359  
0.000151813  -8.0438e-05  -6.6644e-05  -0.00785071  -0.021056  0.0138567  
-0.000141742  -0.000243305  7.02773e-05  -0.00785723  0.00547644  0.0343462  
-0.00110252  -0.000243305  0.000135952  -0.00357218  0.0637944  0.0987069  
-0.000462299  -7.90753e-05  7.02773e-05  -0.000462617  -0.011904  0.0328112  
-0.000356631  3.3185e-05  -8.1694e-05  -0.00783973  -0.0297689  0.0109808  
-0.000440964  2.5186e-05  -2.15877e-05  -0.00784752  -0.0199952  -0.00163621  
-0.000616137  2.45023e-05  7.02774e-05  -0.00784446  0.000236813  0.0245135  
-0.00133292  -0.000118815  7.02774e-05  -0.00233167  0.0583528  0.0908147  
-0.00127875  -5.66707e-05  7.02774e-05  9.32664e-05  0.0131925  0.0627082  
-0.000561519  9.31738e-05  7.02774e-05  -0.00113323  -0.0302205  0.0310378  
-0.000392977  0.000221879  7.02774e-05  0.00809124  -0.0248477  0.0362715  
-0.00045164  0.000184328  7.02774e-05  0.00245267  -0.0122733  0.0336531  
-0.000867925  -2.54119e-05  7.02774e-05  0.00368858  0.0373454  0.0807986  
-0.00151992  -0.000118815  7.02774e-05  0.010873  0.0581055  0.0911312  
-0.000268607  -0.000118815  7.02774e-05  0.00817027  -0.0162555  0.0396554  
5.75601e-05  2.72759e-05  7.02774e-05  0.00413025  -0.0325104  0.0249172  
-0.000169947  7.39591e-05  7.02774e-05  -0.00375576  -0.0260332  0.00283936  
-0.000837162  -0.000118815  7.02774e-05  0.00457007  0.0423286  0.0725792  
-0.00090628  -0.000118815  7.02774e-05  -0.00782951  0.0303309  0.072577  
-0.00040469  0.000105405  -8.64477e-05  -0.00340807  -0.017956  0.0337448  
-0.000311695  0.00011553  7.02774e-05  0.00387964  0.00114636  0.0470897  
2.33833e-05  0.000109038  7.02774e-05  -0.00352665  -0.0161766  0.0470994  
-0.000239509  9.14007e-06  7.02774e-05  -0.00782834  -0.0124425  0.0256294  
-0.00102392  -0.000118815  7.02774e-05  -0.00227793  0.0489172  0.0975122  
-0.00117322  -0.000118815  7.02774e-05  0.0028841  0.0266862  0.0659825  
-0.000353918  7.73941e-05  7.02774e-05  0.000470983  -0.0293941  0.0364809  
-2.63585e-05  0.000221035  7.02774e-05  -0.0078046  -0.0265924  0.0316055  
-0.000353918  7.83158e-05  7.02774e-05  0.000423109  -0.0157283  0.0170699  
-0.00114965  -0.000118815  7.02774e-05  -0.0078295  0.0481723  0.0785452  
-0.00162936  -0.00017069  7.02774e-05  -0.00782889  0.0456709  0.0785624  
-0.000833197  -0.000118815  7.02774e-05  0.00244229  -0.0303228  0.0283105  
-0.000348121  -1.93875e-05  7.02774e-05  -0.00782614  -0.0303327  0.00606835  
-0.000318274  -0.000118815  7.02774e-05  -0.00782951  -0.0303374  0.00846062  
-0.000819306  -0.000118815  7.02774e-05  -0.0052042  0.0344218  0.0759895  
-0.00162833  -4.77593e-05  0.000124234  -0.00163481  0.0284815  0.0671708  
-0.000849661  7.67538e-05  7.02774e-05  0.000212692  -0.027547  0.0454094  
-0.000764107  6.7037e-05  7.02774e-05  -0.000137594  -0.0195012  0.0473905  
-0.000308575  8.95563e-05  7.02774e-05  -0.00374645  -0.000148782  0.0503663  
-0.00072912  -9.16625e-08  -4.32543e-05  -0.00783257  0.0184073  0.0878494  
-0.00153159  -1.37031e-05  7.02774e-05  -0.00783729  0.0414951  0.0782087  
-0.000838558  0.000279859  -0.000261297  -0.0078277  -0.0186936  0.030595  
-0.000477721  0.000283087  -0.000211138  -0.0078324  -0.0144511  0.0543975  
-0.00045051  0.000478943  -0.000188188  0.000293942  -0.000202124  0.0587712  
-0.000413369  0.000528042  -0.000148848  -0.000786463  0.00843089  0.0484689  
-0.000312317  0.000436371  -0.000144891  -0.00369719  0.0156978  0.0545968  
-0.000218408  0.000379243  -8.20375e-05  -0.00178039  0.0323985  0.0730643  
-0.00131035  0.000141087  4.38691e-05  -0.00785643  0.0773264  0.101944  
-0.00149178  0.000120316  -0.000108714  -0.00784178  0.0449296  0.0930897  
-0.000592715  0.000292431  -0.000330816  -0.00784101  -0.0069622  0.0699216  
-0.00047769  0.000489861  -0.000143262  -0.00303684  0.00181891  0.0667466  
-0.000319535  0.000468776  -2.7428e-06  0.000862618  0.0080276  0.0521091  
-0.000115846  0.000402446  1.25512e-05  -0.00782715  0.00696767  0.0426169  
-0.000953665  6.69738e-05  -3.83324e-05  -0.0078376  0.0669464  0.109897  
-0.0012576  2.1236e-05  -3.51142e-05  -0.0078326  0.0541227  0.0933003  
-0.000618427  0.000304882  -5.54321e-05  -0.00227854  -0.0014938  0.0328955  
-0.000487387  0.00024827  2.50724e-05  0.00705278  -0.00817232  0.0232306  
-0.000487387  0.000282096  -3.47853e-06  0.00106303  0.00491189  0.0158316  
-0.000487387  0.000270278  3.58299e-06  0.00650799  0.00629745  0.0232331  
-0.00060839  0.000328845  -2.35447e-05  0.00852804  0.00821937  0.0290629  
-0.000697679  0.000117476  0.000240145  0.000108197  0.041369  0.0706932  
-0.00166396  -0.000118815  5.67362e-05  -0.00498769  0.068286  0.100647  
-0.00105574  9.83758e-05  -3.83338e-05  -0.00568151  0.00374889  0.0611312  
-0.000622315  0.000332161  -6.50353e-05  0.000111821  -0.0026544  0.0454149  
-0.000306665  0.000356917  0.000240145  -0.00782988  -0.00264622  0.0541705  
-0.000391113  0.000425189  -6.13334e-05  0.00476834  -0.00264538  0.0447892  
-0.000819438  0.000354631  -2.10186e-05  0.000523352  0.0239333  0.0670467  
-0.00159436  5.16706e-05  -5.1616e-05  -0.00185872  0.0824549  0.112222  
-0.00185498  -4.97017e-05  -7.34459e-05  -0.00779734  0.0666353  0.117439  
-0.000728067  0.000313312  -0.000244668  -0.00781802  0.0073542  0.0804934  
-0.00056817  0.000422478  -0.000244668  -0.00780188  0.00980231  0.073602  
-0.000314901  0.000428402  -0.00019339  -0.00779641  0.0189475  0.0797072  
-0.000435633  0.000280735  -0.000103679  -0.00780094  0.0290124  0.0806911  
-0.000988795  -4.97017e-05  -0.000244668  -0.00779245  0.0964051  0.121458  
-0.00140107  -4.97017e-05  -8.67999e-05  -0.00778936  0.0626424  0.0995599  
-0.000883315  0.000478149  -0.000244668  -0.00781205  0.0162195  0.0677496  
-0.000396223  0.000423101  -0.000191222  0.00313891  0.00352087  0.0572553  
-0.000428354  0.00042584  -0.000244668  -0.00781148  -0.00135372  0.0422975  
-0.000667813  0.000369463  -0.000244668  -0.00780984  0.0122035  0.0368774  
-0.0017445  0.000133455  -0.000244668  -0.00778293  0.077592  0.101879  
-0.00122707  2.08191e-05  -0.000244668  -0.00778288  0.0534966  0.087111  
-0.000343578  0.000242304  -0.000244668  -0.0077863  -0.00931376  0.0529091  
-0.000343578  0.000292468  -0.000244668  -0.00778275  -0.00180291  0.0439427  
-0.00055653  0.000336459  -0.000244668  -0.00777089  -0.00930567  -0.000474763  
-0.000646932  0.000398093  -0.000179146  -0.00775535  -0.00929225  -0.0199976  
-0.00120968  0.000271391  -0.000174173  -0.00435553  0.0462883  0.0758839  
-0.00154766  0.000111268  -0.000244669  -0.00778163  0.0682514  0.0825197  
-0.00108778  0.000266654  -0.000158672  -0.00776548  -0.00355932  0.0270362  
-0.000507106  0.000318225  -0.000130663  -0.00180151  -0.0026462  0.0328139  
-0.000493631  0.000399652  -0.000112348  -0.00537482  0.00227771  0.0330042  
-0.000222011  0.000408081  -0.000244669  -0.0077611  0.00226449  0.0254939  
-0.00055041  0.000323067  -0.000244669  -0.00777891  0.0198828  0.0551119  
-0.00129351  0.00010968  -0.000244669  -0.0077879  0.0755959  0.0848125  
-0.0015126  -3.56149e-05  -0.000244669  -0.0120656  0.0557773  0.0743141  
-0.000375831  0.000230309  -0.000244669  -0.00779022  -0.0142181  0.034872  
-0.000476235  0.000374092  -0.000404558  -0.00779634  -0.00613014  0.0481296  
-0.000375831  0.000254991  -0.000244669  -0.00779715  0.00260332  0.0450251  
-0.000509829  0.000465623  -0.000244669  -0.00780304  0.00663127  0.0474762  
-0.000539217  0.000353241  -0.000398631  -0.00778197  0.030842  0.0708184  
-0.00120562  0.000110226  -0.000334451  -0.0100931  0.0806444  0.0944438  
-0.0012953  0.000239258  -0.000244669  -0.00776672  0.0582625  0.0855766  
-0.000492258  0.000332566  -0.000421845  -0.0101614  -0.00488961  0.0627972  
-0.000177473  0.000239258  -0.000491048  -0.00775818  0.0116059  0.0689322  
-0.000196842  0.000239258  -0.000477822  -0.0119359  0.0142135  0.0682949  
-0.00017768  0.000239258  -0.000393555  -0.0111348  0.0163948  0.0657055  
-0.000257061  0.000341731  -0.000421194  -0.0123164  0.026627  0.0676169  
-0.00053158  0.0003613  -0.0003615  -0.0174592  0.039699  0.0810956  
-0.00110003  0.000239258  -0.000529941  -0.0107799  0.100102  0.0997409  
-0.000803742  0.000239258  -0.000341069  -0.0121471  0.0718241  0.0994555  
-0.00030119  0.000475895  -0.000591402  -0.0139582  0.0217422  0.0654593  
-0.00033003  0.000543186  -0.000652662  -0.0183387  0.0217464  0.082957  
-0.000233346  0.000485047  -0.000652663  -0.0231377  0.0217522  0.0901363  
-0.000261308  0.000517378  -0.000652662  -0.0241196  0.0364469  0.0834807  
-0.00033003  0.000428993  -0.000787465  -0.0250397  0.0343685  0.0830005  
-0.00033003  0.000435332  -0.000652662  -0.0250341  0.04839  0.0924958  
-0.000932065  0.000239258  -0.000776613  -0.025023  0.102378  0.107817  
-0.000932065  0.000311974  -0.000652663  -0.039908  0.13022  0.132873  
-0.000172574  0.000375752  -0.000795441  -0.0341504  0.0341986  0.0900076  
0.000202397  0.000582266  -0.000925926  -0.0301467  0.0181325  0.0880902  
9.57672e-05  0.000699855  -0.000993312  -0.0250544  0.0281266  0.0747187  
5.0856e-06  0.000667279  -0.000814908  -0.0250439  0.0360057  0.0823468  
-0.000740432  0.000503419  -0.000652662  -0.0250451  0.101321  0.116521  
-0.000837214  0.000415902  -0.000548283  -0.0250254  0.0922464  0.111043  
-0.000156786  0.000592759  -0.000652663  -0.0168114  0.0199629  0.0704103  
0.000147954  0.000751253  -0.000652663  -0.0222322  0.0345413  0.0684818  
-2.44065e-06  0.000836311  -0.000563966  -0.0201026  0.0493872  0.0649043  
-0.000823373  0.000629565  -0.000652662  -0.0183804  0.0970809  0.0997112  
-0.00124962  0.00038917  -0.000576965  -0.0250025  0.0995467  0.111355  
-0.000571079  0.000606433  -0.000652662  -0.0250279  0.0279377  0.0710042  
-0.000231507  0.000603118  -0.000652663  -0.0250306  0.0279484  0.0802128  
0.000138942  0.000641004  -0.000757825  -0.0250353  0.041523  0.0750574  
0.000187601  0.000575861  -0.000652663  -0.0250268  0.0356981  0.0823393  
3.19683e-05  0.000578454  -0.000652663  -0.0286201  0.0439142  0.0811836  
0.000104215  0.000597033  -0.000652663  -0.0250375  0.0494149  0.082653  
7.14755e-05  0.000682605  -0.000652663  -0.0250425  0.0367368  0.0800132  
-0.000148426  0.000679893  -0.000652663  -0.0250433  0.0412729  0.058378  
-4.92613e-05  0.000534003  -0.000652663  -0.0250338  0.0538856  0.0796087  
-0.00122529  0.000416106  -0.000652663  -0.0285728  0.110933  0.111713  
-0.00122603  0.000506924  -0.000652662  -0.0289282  0.0705599  0.092477  
-0.000143845  0.000696232  -0.000745219  -0.0373962  0.0233185  0.088763  
-2.74341e-05  0.00077148  -0.000652663  -0.0250432  0.0379282  0.0927053  
0.000175404  0.000602506  -0.000652663  -0.0250295  0.0233372  0.075718  
-2.74341e-05  0.000625511  -0.000880431  -0.030725  0.0233224  0.0311658  
-0.000791365  0.000416106  -0.000652663  -0.0294591  0.06637  0.0825749  
-0.00154181  0.00048088  -0.000589288  -0.0286329  0.133368  0.113802  
-0.000702255  0.000506402  -0.000652663  -0.0304322  0.0532608  0.0712105  
-0.00027496  0.000416106  -0.000652663  -0.0250235  0.0381601  0.0606943  
-0.000285379  0.000693859  -0.000652663  -0.0250101  0.0220885  0.0143401  
-0.000365526  0.000548327  -0.000652663  -0.0309178  -0.00265123  -0.0355546  
-0.000411621  0.000416106  -0.000652663  -0.0418974  0.0271679  0.0222282  
-0.00109057  0.0001356  -0.000652663  -0.0417664  0.102798  0.0812881  
-0.000831842  0.000271544  -0.000652663  -0.0417676  0.0241854  0.045793  
-0.000513616  0.000416106  -0.000652663  -0.0417595  0.00454088  0.0212536  
-0.000177852  0.000416106  -0.000652662  -0.0417595  0.0207311  0.0227117  
-0.000427852  0.000416106  -0.000652662  -0.0417595  0.0207483  0.024578  
-0.000629947  0.000531571  -0.000652663  -0.0417535  0.0356716  0.0409378  
-0.0014324  0.000416106  -0.000652662  -0.0417595  0.102821  0.087857  
-0.00137372  0.000222986  -0.000652662  -0.034957  0.0580724  0.0641217  
-0.000616325  0.000416106  -0.000652662  -0.0374757  -0.00602291  -0.00595006  
-0.000495148  0.000416106  -0.000652662  -0.0298667  -0.00222926  -0.0158487  
-0.000528115  0.000563272  -0.000716548  -0.0417533  0.00112314  -0.022394  
-0.000906622  0.000264081  -0.000652662  -0.0417623  0.0390333  0.0352075  
-0.00161877  0.000251874  -0.000652663  -0.0417595  0.0708034  0.0609057  
-0.00137834  0.000302901  -0.000652662  -0.0391044  0.0272386  0.0310428  
-0.00068367  0.000416106  -0.000837776  -0.0417617  0.00984948  0.0441877  
-0.000721788  0.000416105  -0.000850915  -0.0417623  0.0232294  0.0441876  
-0.000699669  0.000416105  -0.000858289  -0.0417608  0.0232286  0.0441897  
-0.000844585  0.000416105  -0.000837958  -0.0417605  0.0232363  0.0245859  
-0.00132495  0.000416105  -0.000652662  -0.0417595  0.0629649  0.0483844  
-0.00184077  0.000416105  -0.000652662  -0.0466673  0.118751  0.0865017  
-0.00140948  0.000416105  -0.000968229  -0.0478481  0.0519868  0.069711  
-0.000644963  0.000416106  -0.00108791  -0.0417633  0.00313151  0.0484461  
-0.000644963  0.000724104  -0.00108791  -0.0417884  0.0155717  0.0626849  
-0.000332286  0.000833679  -0.00108791  -0.0418048  0.0407746  0.0653102  
-0.00027051  0.000832044  -0.00108791  -0.0461362  0.0522294  0.0722344  
-0.000254205  0.000950666  -0.00108791  -0.047933  0.0604539  0.0782849  
-0.00032763  0.000840446  -0.000948786  -0.048353  0.0612613  0.0793201  
-0.000180672  0.000741686  -0.00108791  -0.0530882  0.058125  0.0787936  
2.08478e-05  0.00070838  -0.00108791  -0.0547104  0.0558194  0.0835024  
5.41511e-05  0.000621798  -0.00108791  -0.0495583  0.0622393  0.0890383  
-5.39245e-06  0.000778988  -0.0010104  -0.0484248  0.0622346  0.0810487  
-0.000703553  0.000602087  -0.000752448  -0.0508922  0.102311  0.106069  
0.000180439  0.000416106  -0.00108791  -0.0578486  0.132762  0.104757  
0.000485474  0.000556562  -0.00108791  -0.0591153  0.0431615  0.0619472  
0.000502773  0.00066607  -0.00108791  -0.0578536  0.0101824  0.0632557  
0.00083378  0.000661798  -0.00114792  -0.059324  0.024622  0.0652877  
0.00105206  0.000673324  -0.00108791  -0.0629623  0.0533615  0.068332  
0.00106549  0.000780874  -0.00108791  -0.0593252  0.0771194  0.0703424  
0.000811392  0.000764881  -0.00108791  -0.0593202  0.0771155  0.0563824  
0.00080029  0.000844545  -0.00108791  -0.0593208  0.0771158  0.0453697  
0.000457575  0.000844545  -0.00108791  -0.0593208  0.0890218  0.0552098  
-0.000387841  0.00067412  -0.00108791  -0.0593141  0.135897  0.0738237  
0.00023294  0.000844545  -0.00108791  -0.0593208  0.048599  0.0371394  
0.000768575  0.000844545  -0.0014313  -0.0762918  0.017882  0.0367784  
0.00101819  0.000844545  -0.00149515  -0.0661235  0.0178852  0.0323842  
0.000803927  0.000907638  -0.0012978  -0.0632136  0.0275543  0.0424153  
0.000734742  0.00097404  -0.00124226  -0.0641084  0.0390552  0.0429162  
0.000675868  0.000844545  -0.00132659  -0.0635938  0.0632579  0.0546855  
-0.000573068  0.000791842  -0.00145916  -0.0593216  0.138671  0.0882453  
-4.68448e-05  0.000750345  -0.00132757  -0.0635425  0.0812867  0.046983  
0.000693995  0.000943791  -0.00149824  -0.0666504  0.0521289  0.0537631  
0.0012294  0.000906152  -0.00149824  -0.0639979  0.0708559  0.0440172  
0.00111698  0.000922116  -0.00149824  -0.0746327  0.0501858  0.0427476  
0.00104502  0.000844545  -0.00149824  -0.0593305  0.0608583  0.0458964  
0.00101093  0.000844545  -0.00149824  -0.0593305  0.0631793  0.0352198  
0.000693995  0.000983637  -0.00149824  -0.0593309  0.0513449  0.0302454  
0.000693995  0.000844545  -0.00149824  -0.0593305  0.0708435  0.0600363  
-0.000591634  0.000773897  -0.00149824  -0.0593256  0.145141  0.102587  
9.60018e-05  0.000844545  -0.00149824  -0.0615959  0.0636356  0.0532242  
0.000754305  0.000844545  -0.00149824  -0.0629075  0.024877  0.0279805  
0.000601921  0.000844545  -0.00124824  -0.05933  0.0248994  0.00360868  
0.000754305  0.000674255  -0.00149824  -0.0593331  0.024877  -0.005469  
0.000365492  0.000762063  -0.00149824  -0.0640174  0.0627961  0.0279851  
-0.000829138  0.000607404  -0.00134863  -0.0619783  0.130225  0.0932771  
-0.000194002  0.000727289  -0.00131839  -0.0631147  0.0609462  0.0408684  
0.000243976  0.000844545  -0.00124824  -0.0593402  0.00828483  -0.00236263  
0.000321176  0.000599002  -0.00149824  -0.0697373  -0.00112828  -0.0497877  
0.000307761  0.00043802  -0.00124824  -0.0706527  0.0332539  0.00432246  
-0.000611435  0.000266784  -0.00136875  -0.0728629  0.0934948  0.0781603  
-0.000418781  0.000488212  -0.00149824  -0.0666795  0.0215166  -0.00216073  
0.000176677  0.00043802  -0.00149824  -0.0648937  0.000244422  -0.0430231  
5.9715e-05  0.00043802  -0.00149824  -0.0652092  -0.0104996  -0.0674618  
-0.000101441  0.00043802  -0.00149824  -0.0628735  0.0038269  -0.0563835  
-0.000984865  0.000438021  -0.00124824  -0.0593573  0.0741319  0.0383011  
-0.000982754  0.000438021  -0.00149824  -0.0722053  0.0458829  0.01967  
-5.07624e-05  0.000356872  -0.00149824  -0.070238  -0.000639996  0.00208981  
0.000104497  0.000438021  -0.00149824  -0.0756669  -0.000652746  -0.0222628  
0.000104497  0.000288534  -0.00169182  -0.0755762  -0.000668489  -0.0483294  
-0.000352852  0.000438021  -0.00149824  -0.0755638  0.0502881  0.0212117  
-0.00127581  0.000177215  -0.00149824  -0.0755611  0.073607  0.0289352  
-0.000437181  0.000288823  -0.00184032  -0.0803473  0.000157759  -0.0424252  
-0.000255417  0.000438021  -0.00180485  -0.0755546  0.000145138  -0.0235318  
-0.000293171  0.000438021  -0.00184432  -0.0755533  0.00896975  -0.02159  
-0.000347289  0.000514945  -0.0017524  -0.0729219  0.013429  -0.0227633  
-0.000293171  0.000438021  -0.00169657  -0.0732324  0.0186033  -0.0208587  
-0.000293171  0.000488616  -0.00167345  -0.0755672  0.0284215  -0.0044783  
-0.00017051  0.000518679  -0.00166197  -0.0755655  0.0208283  -0.0216006  
-0.00042243  0.000438021  -0.00165882  -0.0778895  0.0445865  0.00350202  
-0.00131078  0.000438021  -0.00149824  -0.0755638  0.100415  0.0432027  
-0.00093216  0.00021878  -0.00149824  -0.0791906  0.0621177  0.0297744  
-0.000458425  0.000438021  -0.00171991  -0.0755582  -0.021692  0.00130441  
-0.000230093  0.000488547  -0.00185667  -0.0805029  -0.00373654  -0.00757462  
-0.00026002  0.000435401  -0.0017921  -0.0845868  0.00901639  -0.00319051  
