1.9768569e+00
1.7193504e+00
1.4877036e+00
1.2682250e+00
1.0808762e+00
4.5563148e+00
4.1903056e+00
3.3089123e+00
2.8204451e+00
3.4440375e+00
3.3832608e+00
2.8781729e+00
2.4337308e+00
2.1406204e+00
1.9584550e+00
1.7069767e+00
1.4213965e+00
1.1746266e+00
9.3712391e-01
1.4804177e+00
4.6670504e+00
3.8180078e+00
3.0013689e+00
2.7184720e+00
3.4149644e+00
3.1700781e+00
2.5970689e+00
2.1807311e+00
1.9777208e+00
1.7249278e+00
1.4850221e+00
1.2530001e+00
9.9618187e-01
7.8446455e-01
4.2719841e+00
3.9572803e+00
2.8314119e+00
2.1103409e+00
2.9858514e+00
3.0685666e+00
2.4992408e+00
2.0344945e+00
1.7718589e+00
1.5648390e+00
1.3268007e+00
1.1005111e+00
8.6269115e-01
1.1504347e+00
4.5623055e+00
3.8383194e+00
2.9616893e+00
2.5569415e+00
3.2358568e+00
3.0611930e+00
2.5428323e+00
2.1482275e+00
1.8297819e+00
1.5885298e+00
1.3459167e+00
1.1203279e+00
8.7095253e-01
1.4261939e+00
4.4925628e+00
3.5803563e+00
2.6345304e+00
2.3765337e+00
3.1355401e+00
2.8456000e+00
2.2816490e+00
1.9195977e+00
1.7103819e+00
1.4516356e+00
1.2119371e+00
9.7723689e-01
7.3993329e-01
4.1517107e+00
3.8436429e+00
2.6726236e+00
1.9252295e+00
2.9062356e+00
2.9447414e+00
2.3297800e+00
1.8802655e+00
1.7029652e+00
1.4867200e+00
1.2145309e+00
1.0018632e+00
9.0160330e-01
4.4432504e+00
3.8564365e+00
2.8020358e+00
2.2709149e+00
3.1914205e+00
3.0385669e+00
2.4660625e+00
2.0667613e+00
1.8017771e+00
1.5665828e+00
1.3862480e+00
1.1575395e+00
9.1161910e-01
4.6261045e+00
4.2286794e+00
3.3937100e+00
2.9134911e+00
3.4176012e+00
3.3855408e+00
2.8633677e+00
2.4466019e+00
2.1456218e+00
1.8949837e+00
1.6389292e+00
1.3875859e+00
1.1392191e+00
8.7481449e-01
4.2214408e+00
4.5033697e+00
3.4944943e+00
2.8880438e+00
3.2069296e+00
3.4502523e+00
2.9565059e+00
2.4373136e+00
2.1461279e+00
1.9303322e+00
1.6626753e+00
1.3739684e+00
1.1291858e+00
9.2849885e-01
2.3481483e+00
4.5337761e+00
3.4837413e+00
2.4669679e+00
2.5464027e+00
3.1955734e+00
2.7992230e+00
2.2465915e+00
1.8950739e+00
1.6740336e+00
1.4108875e+00
1.1450420e+00
8.5244333e-01
6.5057877e-01
2.0326840e+00
4.5189011e+00
3.5709117e+00
2.6497967e+00
2.4504704e+00
3.1339967e+00
2.8391205e+00
2.2428865e+00
1.8319963e+00
1.5511185e+00
1.2741762e+00
1.0117232e+00
7.5926972e-01
4.9244664e-01
3.0455059e-01
4.1982025e+00
3.6629929e+00
2.5173665e+00
1.7950658e+00
2.6529468e+00
2.7337384e+00
2.1078566e+00
1.6170001e+00
1.3636125e+00
1.1497833e+00
8.8826803e-01
6.3320646e-01
4.1772923e-01
2.1097294e+00
4.0260624e+00
2.9076302e+00
1.7606823e+00
1.8486503e+00
2.6779793e+00
2.2758711e+00
1.7016033e+00
1.3921300e+00
1.1480160e+00
9.0120541e-01
6.8395558e-01
4.7846541e-01
3.5766556e+00
4.0916888e+00
3.0014413e+00
2.2612290e+00
2.5191902e+00
2.9469776e+00
2.4835398e+00
1.9915714e+00
1.6661574e+00
1.4307441e+00
1.1705702e+00
9.3090290e-01
6.9647858e-01
8.9196457e-01
4.4285875e+00
3.6993189e+00
2.8363162e+00
2.4270997e+00
3.0835558e+00
2.9474644e+00
2.4049525e+00
1.9817625e+00
1.7329662e+00
1.4738433e+00
1.2673670e+00
1.0621464e+00
8.3433886e-01
3.8187502e+00
4.0741402e+00
3.0124687e+00
2.2007451e+00
2.8376499e+00
3.0300002e+00
2.5682984e+00
2.1261727e+00
1.8444209e+00
1.5895602e+00
1.3784482e+00
1.1624001e+00
9.7086637e-01
2.1650989e+00
4.5778686e+00
3.7213734e+00
3.0140440e+00
2.8808843e+00
3.3954299e+00
3.0613030e+00
2.5357116e+00
2.1934687e+00
1.9541069e+00
1.6958306e+00
1.4316559e+00
1.1494151e+00
9.3908111e-01
8.4750361e-01
4.4295234e+00
3.8213137e+00
2.8117995e+00
2.3213892e+00
3.2074975e+00
3.0733278e+00
2.5003609e+00
2.0796433e+00
1.8864767e+00
1.6392599e+00
1.4391439e+00
1.1564869e+00
9.4369902e-01
3.7533885e+00
4.4116068e+00
3.4537789e+00
2.6675447e+00
2.9307360e+00
3.2545365e+00
2.8364386e+00
2.3533176e+00
1.9966574e+00
1.7382508e+00
1.5045659e+00
1.2835427e+00
1.0109744e+00
8.0286984e-01
4.4877587e+00
4.0727228e+00
3.1158191e+00
2.5360317e+00
3.1335764e+00
3.1174235e+00
2.6187948e+00
2.1742999e+00
1.9035057e+00
1.6563348e+00
1.3916207e+00
1.1691843e+00
9.5785927e-01
3.3295840e+00
4.3456492e+00
3.2482255e+00
2.3087012e+00
2.7543304e+00
3.1553755e+00
2.6752932e+00
2.1722530e+00
1.8937461e+00
1.6500000e+00
1.4051039e+00
1.1549087e+00
9.1786201e-01
3.4168246e+00
4.6372242e+00
3.6457248e+00
2.8656025e+00
2.9324246e+00
3.3861663e+00
2.9749064e+00
2.4679284e+00
2.1168988e+00
1.8179289e+00
1.5656980e+00
1.3386699e+00
1.1071045e+00
9.1571953e-01
4.5569615e+00
4.0085867e+00
3.0182743e+00
2.4700270e+00
3.2507415e+00
3.1363721e+00
2.5830492e+00
2.2501708e+00
2.0027638e+00
1.7663898e+00
1.5489136e+00
1.3688518e+00
1.3592701e+00
4.8035853e+00
4.0984386e+00
3.1927189e+00
2.8510812e+00
3.5616677e+00
3.3226385e+00
2.7707080e+00
2.4230623e+00
2.1704528e+00
1.9678042e+00
1.7352426e+00
1.4887869e+00
1.2256296e+00
4.6665995e+00
4.6084763e+00
3.6508375e+00
3.0437920e+00
3.5105272e+00
3.5727504e+00
3.0568548e+00
2.6005526e+00
2.3249519e+00
2.0592110e+00
1.8446619e+00
1.5955563e+00
1.3611881e+00
1.2657400e+00
4.7811074e+00
4.0833964e+00
3.0993239e+00
2.7374418e+00
3.5036790e+00
3.2466479e+00
2.6992309e+00
2.3290641e+00
2.0879850e+00
1.8447513e+00
1.5886146e+00
1.3550062e+00
1.1286259e+00
4.3132525e+00
4.6180879e+00
3.5741824e+00
2.9325093e+00
3.3173613e+00
3.4572640e+00
2.9373350e+00
2.4645681e+00
2.1381711e+00
1.9039776e+00
1.6267800e+00
1.3555848e+00
1.0654112e+00
8.2226933e-01
3.7146191e+00
4.5291430e+00
3.4165998e+00
2.5284078e+00
2.8124834e+00
3.2363575e+00
2.7318711e+00
2.1871959e+00
1.8077596e+00
1.6034685e+00
1.3707376e+00
1.0769239e+00
8.0315127e-01
5.3873143e-01
3.9866261e+00
3.9659985e+00
2.7245845e+00
1.8115583e+00
2.6277011e+00
2.8291215e+00
2.2813197e+00
1.7624337e+00
1.4569193e+00
1.2209812e+00
1.0135439e+00
7.7104166e-01
5.6770551e-01
4.3279053e+00
3.9685715e+00
2.9769318e+00
2.3439436e+00
2.9762022e+00
2.9603904e+00
2.4246782e+00
1.9903511e+00
1.7200577e+00
1.4459560e+00
1.1908985e+00
9.3073483e-01
6.8548359e-01
3.7998187e+00
4.3588858e+00
3.3246526e+00
2.5640378e+00
2.9540694e+00
3.2647800e+00
2.7780380e+00
2.2899149e+00
2.0155933e+00
1.8226102e+00
1.6323434e+00
1.4491192e+00
1.1958137e+00
4.3608921e+00
4.2382169e+00
3.2729992e+00
2.6929058e+00
3.4573538e+00
3.3446647e+00
2.8954727e+00
2.5327814e+00
2.2937074e+00
2.0919552e+00
1.8790789e+00
1.7006685e+00
2.1766853e+00
5.1159496e+00
4.4270232e+00
3.8723594e+00
3.7293770e+00
4.0838011e+00
3.7964611e+00
3.3309347e+00
2.9995034e+00
2.7836768e+00
2.5480330e+00
2.2985383e+00
2.0397953e+00
1.7945145e+00
3.4216098e+00
5.1420065e+00
4.2426289e+00
3.6464560e+00
3.8101885e+00
4.1178344e+00
3.7059561e+00
3.2499514e+00
3.0254902e+00
2.8209795e+00
2.6159316e+00
2.4357107e+00
2.2366206e+00
2.9835307e+00
5.2026064e+00
4.3897036e+00
3.6732073e+00
3.8650677e+00
4.1814455e+00
3.7529319e+00
3.3473538e+00
3.0814556e+00
2.8598178e+00
2.6170942e+00
2.3841604e+00
2.2005862e+00
1.9647025e+00
5.2481804e+00
5.0708622e+00
4.4944582e+00
4.1123208e+00
4.4463866e+00
4.3283326e+00
3.8770352e+00
3.5007925e+00
3.2378773e+00
3.0380337e+00
2.7864163e+00
2.5627309e+00
2.3516779e+00
2.0939990e+00
5.1144477e+00
4.9286136e+00
4.2194347e+00
3.8463180e+00
4.3953154e+00
4.2542603e+00
3.7933138e+00
3.5176700e+00
3.3468181e+00
3.1345978e+00
2.9483265e+00
2.7570887e+00
2.5242951e+00
4.6424939e+00
5.1266722e+00
4.4741208e+00
4.0913151e+00
4.3404806e+00
4.3058903e+00
3.9483948e+00
3.6407689e+00
3.4183148e+00
3.2303177e+00
2.9807364e+00
2.7877223e+00
2.5820149e+00
2.3860520e+00
2.1894506e+00
4.9822900e+00
4.5381562e+00
4.1471112e+00
3.9064552e+00
4.1844755e+00
3.9733029e+00
3.5974405e+00
3.3034229e+00
3.1525801e+00
2.9281731e+00
2.7345849e+00
2.5170862e+00
2.2813556e+00
2.0946718e+00
2.2163844e+00
4.6115170e+00
3.9512701e+00
3.3663055e+00
3.4014940e+00
3.8223790e+00
3.4518862e+00
3.1027687e+00
2.9134628e+00
2.7474784e+00
2.5654378e+00
2.3324420e+00
2.1274264e+00
1.9742707e+00
1.7507629e+00
4.5384251e+00
4.3174221e+00
3.7522325e+00
3.5058391e+00
3.8137286e+00
3.7359824e+00
3.3175678e+00
2.9992579e+00
2.8388724e+00
2.6326971e+00
2.3812047e+00
2.1252022e+00
1.8897275e+00
1.7031249e+00
1.4776979e+00
4.3761473e+00
4.1340847e+00
3.4067590e+00
3.0895237e+00
3.6093929e+00
3.5303308e+00
3.0672105e+00
2.7368181e+00
2.6364053e+00
2.4219247e+00
2.2293668e+00
2.0177475e+00
1.8400579e+00
1.6408893e+00
4.4545624e+00
4.3245004e+00
3.5480818e+00
3.1894686e+00
3.7207607e+00
3.6470681e+00
3.1743668e+00
2.8313668e+00
2.6059321e+00
2.4448101e+00
2.2022666e+00
1.9721174e+00
1.7145346e+00
1.5266330e+00
1.7125693e+00
4.8242122e+00
4.0739378e+00
3.4818048e+00
3.2847651e+00
3.7759451e+00
3.5391348e+00
3.0234020e+00
2.6869005e+00
2.4837737e+00
2.2892265e+00
2.0716036e+00
1.7964336e+00
1.5743082e+00
1.3401366e+00
3.1191575e+00
4.6048273e+00
3.5908683e+00
2.8123657e+00
3.1623875e+00
3.5973497e+00
3.1410876e+00
2.6863377e+00
2.3772017e+00
2.1796266e+00
1.9723955e+00
1.7529946e+00
1.5173826e+00
1.2714869e+00
3.6578339e+00
4.6897533e+00
3.7657196e+00
3.2075304e+00
3.3957532e+00
3.6905106e+00
3.2881728e+00
2.7990620e+00
2.5042670e+00
2.2840810e+00
2.0190740e+00
1.7777301e+00
1.5301147e+00
1.3147851e+00
1.7619628e+00
4.7834460e+00
3.9409295e+00
3.1992944e+00
3.0290836e+00
3.6621441e+00
3.3236857e+00
2.7812704e+00
2.4751667e+00
2.3122563e+00
2.0660774e+00
1.8623390e+00
1.6828788e+00
1.4244082e+00
4.5535505e+00
4.4137785e+00
3.4299675e+00
2.8677997e+00
3.6053553e+00
3.5251408e+00
2.9588905e+00
2.5855001e+00
2.3676238e+00
2.1720872e+00
1.9431775e+00
1.7055988e+00
1.4539615e+00
2.1956425e+00
5.0107593e+00
4.2045849e+00
3.5365424e+00
3.3987870e+00
3.8812128e+00
3.5746205e+00
3.0333413e+00
2.6833079e+00
2.4244004e+00
2.2109373e+00
1.9804146e+00
1.7325237e+00
1.4627877e+00
1.1776995e+00
4.6310930e+00
4.3288857e+00
3.3444805e+00
2.7321794e+00
3.5499665e+00
3.5413515e+00
2.9565497e+00
2.5570182e+00
2.3715950e+00
2.1239315e+00
1.9275859e+00
1.6919310e+00
1.4795170e+00
3.0762669e+00
4.8153414e+00
3.8486090e+00
3.1487583e+00
3.2362013e+00
3.6589620e+00
3.2068198e+00
2.7108519e+00
2.4092376e+00
2.1693799e+00
1.9222707e+00
1.6580149e+00
1.3851553e+00
1.1954880e+00
2.7621824e+00
4.7760119e+00
3.7841076e+00
3.0753185e+00
3.0381046e+00
3.5356086e+00
3.1137428e+00
2.5466426e+00
2.2172215e+00
1.9893880e+00
1.7313314e+00
1.4607822e+00
1.1843465e+00
9.6532504e-01
1.0009748e+00
4.4756419e+00
3.6085944e+00
2.4551858e+00
2.1454212e+00
3.1467763e+00
2.8517316e+00
2.2344540e+00
1.8566582e+00
1.6677257e+00
1.4301552e+00
1.1923083e+00
9.5975359e-01
7.2663692e-01
4.4152279e+00
3.9903531e+00
2.9298421e+00
2.3419925e+00
3.0542316e+00
3.0050246e+00
2.4797396e+00
2.0277089e+00
1.7355764e+00
1.4894069e+00
1.2314500e+00
9.8065615e-01
7.4965612e-01
2.0619498e+00
4.5251320e+00
3.5408638e+00
2.7304482e+00
2.5219188e+00
3.1413854e+00
2.7680642e+00
2.2325687e+00
1.8354264e+00
1.5792254e+00
1.3001656e+00
1.0248305e+00
7.7277194e-01
5.4779954e-01
3.5580710e+00
4.0236222e+00
2.7829775e+00
1.8539293e+00
2.4485167e+00
2.8920502e+00
2.3228029e+00
1.7856168e+00
1.5249164e+00
1.2774624e+00
1.0712700e+00
8.0724594e-01
6.0474495e-01
4.3599995e+00
3.8619490e+00
2.8467330e+00
2.2327412e+00
2.9061513e+00
2.8345206e+00
2.3272629e+00
1.8961449e+00
1.5525224e+00
1.3019505e+00
1.0335619e+00
8.0715355e-01
5.7532398e-01
4.1701429e+00
4.1534803e+00
3.1096284e+00
2.4149014e+00
2.8392421e+00
3.0516590e+00
2.5266379e+00
1.9998021e+00
1.7256556e+00
1.4736227e+00
1.2138333e+00
9.5669657e-01
6.8511875e-01
4.0212914e+00
4.0012391e+00
2.8237822e+00
1.9680522e+00
2.7643016e+00
2.9185203e+00
2.3592977e+00
1.8880658e+00
1.6019288e+00
1.3842052e+00
1.1786350e+00
9.3621204e-01
1.2676092e+00
4.5415578e+00
3.7174882e+00
2.7831341e+00
2.4298688e+00
3.1416237e+00
2.8633375e+00
2.3081402e+00
1.9273033e+00
1.6533476e+00
1.3683615e+00
1.1123368e+00
8.3905338e-01
6.1720045e-01
4.2777176e+00
4.1252558e+00
3.0620585e+00
2.3309806e+00
2.8774267e+00
3.0157118e+00
2.4766292e+00
2.0110637e+00
1.6692432e+00
1.4003759e+00
1.1493445e+00
8.8237695e-01
6.4786082e-01
2.2606007e+00
4.2580936e+00
3.1377168e+00
2.0619710e+00
2.1770304e+00
2.9094327e+00
2.4729867e+00
1.9373294e+00
1.6306338e+00
1.4038781e+00
1.1446768e+00
9.4488786e-01
8.6929891e-01
4.4798784e+00
3.8029731e+00
2.8146395e+00
2.3253384e+00
3.1498072e+00
2.9504013e+00
2.4128014e+00
2.0059055e+00
1.7721626e+00
1.5513868e+00
1.3383172e+00
1.1296151e+00
3.1353730e+00
4.7347751e+00
3.8905549e+00
3.2099789e+00
3.2948409e+00
3.6035559e+00
3.2643926e+00
2.8048503e+00
2.5024289e+00
2.2624631e+00
2.0036979e+00
1.7677918e+00
1.5871518e+00
3.9196781e+00
4.8099482e+00
3.8776762e+00
3.2193301e+00
3.5023870e+00
3.7677348e+00
3.3491297e+00
2.8399308e+00
2.6041535e+00
2.4485461e+00
2.2065497e+00
2.0113703e+00
1.9672905e+00
4.8594161e+00
4.2046151e+00
3.3668613e+00
3.2161752e+00
3.8657613e+00
3.5216274e+00
3.0734020e+00
2.8012549e+00
2.6397562e+00
2.3977095e+00
2.2446474e+00
2.0424445e+00
5.0299568e+00
4.6268192e+00
3.9035918e+00
3.5825348e+00
4.1174086e+00
3.9143853e+00
3.4435401e+00
3.1184643e+00
2.8666159e+00
2.6844610e+00
2.4595063e+00
2.2473723e+00
2.0025617e+00
4.9811857e+00
4.9899143e+00
4.3530833e+00
3.9641327e+00
4.1836114e+00
4.1265535e+00
3.7773471e+00
3.3838707e+00
3.0903961e+00
2.7888205e+00
2.5497076e+00
2.3066569e+00
2.0585491e+00
1.8331175e+00
1.5718013e+00
4.8806975e+00
4.5258758e+00
3.7164438e+00
3.2807320e+00
3.9084062e+00
3.7646530e+00
3.2925123e+00
2.9439733e+00
2.7505280e+00
2.4770512e+00
2.2109216e+00
2.0188492e+00
1.8065288e+00
1.5851844e+00
4.4714566e+00
4.6926035e+00
3.8183289e+00
3.2483560e+00
3.6464231e+00
3.7661324e+00
3.2484873e+00
2.8592589e+00
2.5887135e+00
2.3318831e+00
2.0497425e+00
1.7763667e+00
1.5454061e+00
1.3330015e+00
1.1111812e+00
4.6738403e+00
4.3019199e+00
3.3717487e+00
2.8387308e+00
3.4159032e+00
3.4114497e+00
2.8365888e+00
2.4065350e+00
2.1337871e+00
1.8754486e+00
1.6178826e+00
1.3559630e+00
1.1239429e+00
8.5522543e-01
3.8003280e+00
4.2238053e+00
3.0092962e+00
2.0994838e+00
2.7732454e+00
3.1238647e+00
2.5766837e+00
2.0903721e+00
1.8093002e+00
1.6265482e+00
1.3911382e+00
1.1224878e+00
8.9088082e-01
1.1947942e+00
4.6567274e+00
3.8651473e+00
3.0419457e+00
2.6842539e+00
3.3434972e+00
3.1287807e+00
2.5871699e+00
2.2316174e+00
1.9281453e+00
1.6905202e+00
1.4727573e+00
1.2097990e+00
9.7931964e-01
9.8755991e-01
4.6142775e+00
3.8987087e+00
2.9799358e+00
2.5983605e+00
3.2540478e+00
3.0639917e+00
2.5494547e+00
2.1297961e+00
1.9047437e+00
1.6518816e+00
1.4010837e+00
1.1681860e+00
9.3299153e-01
3.8220224e+00
4.2287635e+00
3.0982224e+00
2.2218725e+00
2.9320441e+00
3.2012141e+00
2.6263899e+00
2.1563554e+00
1.9193927e+00
1.6911651e+00
1.5071304e+00
1.2195457e+00
9.9501199e-01
4.3481519e+00
4.4838132e+00
3.4818761e+00
2.8906459e+00
3.3339911e+00
3.4523078e+00
2.9854085e+00
2.5417743e+00
2.2126299e+00
1.9726405e+00
1.7355249e+00
1.5082316e+00
1.2949760e+00
2.9712855e+00
4.8848354e+00
3.9310109e+00
3.2734403e+00
3.2785440e+00
3.6696348e+00
3.2760876e+00
2.7502567e+00
2.4140312e+00
2.1755596e+00
1.9178799e+00
1.6687566e+00
1.4370757e+00
1.1826389e+00
4.6146288e+00
4.3003878e+00
3.1948215e+00
2.5973218e+00
3.4897447e+00
3.3835175e+00
2.8005892e+00
2.3710116e+00
2.1307881e+00
1.9219502e+00
1.7002549e+00
1.4707527e+00
1.3715235e+00
4.9464772e+00
4.3098949e+00
3.5073620e+00
3.0952370e+00
3.6684504e+00
3.4459581e+00
2.9333305e+00
2.5487975e+00
2.2566216e+00
1.9981151e+00
1.7447178e+00
1.4987358e+00
1.2694897e+00
4.1390068e+00
4.7134860e+00
3.7116828e+00
3.0764389e+00
3.3617328e+00
3.6033276e+00
3.1063576e+00
2.5940090e+00
2.2993797e+00
2.0940555e+00
1.8199350e+00
1.5577724e+00
1.3290500e+00
1.0821684e+00
4.4039303e+00
3.8792133e+00
2.7653040e+00
2.2653577e+00
3.1900056e+00
3.0218480e+00
2.4604183e+00
2.0500173e+00
1.8272049e+00
1.6178549e+00
1.3954064e+00
1.1789736e+00
9.9120760e-01
4.3435527e+00
3.8344400e+00
2.9409200e+00
2.4802396e+00
3.1306579e+00
3.0089678e+00
2.4878374e+00
2.1109650e+00
1.8361101e+00
1.5679224e+00
1.3187019e+00
1.0832901e+00
8.6760408e-01
1.0664091e+00
4.2888065e+00
3.4618420e+00
2.6442458e+00
2.3507715e+00
3.0230735e+00
2.8164687e+00
2.2293794e+00
1.8675662e+00
1.6148814e+00
1.4176291e+00
1.1536232e+00
9.0406844e-01
6.9808558e-01
2.9504925e+00
3.8889937e+00
2.7967099e+00
1.8095045e+00
2.2393324e+00
2.7896704e+00
2.3679733e+00
1.8532483e+00
1.5173978e+00
1.3050337e+00
1.1156121e+00
8.8365463e-01
6.6895940e-01
2.9048538e+00
4.1372320e+00
3.1861165e+00
2.4874686e+00
2.5369804e+00
3.0299464e+00
2.6503159e+00
2.1921409e+00
1.8590574e+00
1.5996143e+00
1.3227540e+00
1.0642204e+00
8.5732602e-01
6.4527615e-01
4.1836823e+00
3.7854373e+00
2.8532784e+00
2.2867096e+00
3.0105654e+00
3.0058170e+00
2.4612780e+00
2.0339879e+00
1.8664297e+00
1.6542396e+00
1.4413090e+00
1.2567676e+00
2.5523384e+00
4.4435942e+00
3.5337058e+00
2.6524868e+00
2.9472697e+00
3.4045825e+00
2.9913382e+00
2.5753434e+00
2.3252011e+00
2.1147579e+00
1.9599688e+00
1.7605725e+00
4.7826437e+00
4.6953951e+00
4.0122008e+00
3.5949242e+00
3.9736088e+00
3.9155702e+00
3.4806710e+00
3.1320474e+00
2.8769410e+00
2.6456127e+00
2.4517894e+00
2.2655420e+00
3.5674653e+00
4.9086008e+00
4.1306657e+00
3.7508052e+00
3.8018229e+00
3.9995929e+00
3.6329651e+00
3.2220457e+00
3.0526418e+00
2.8703830e+00
2.6568545e+00
2.4457915e+00
2.2736086e+00
2.1236074e+00
1.9561002e+00
4.4835503e+00
3.8640218e+00
3.1539258e+00
3.1026671e+00
3.5822604e+00
3.3019032e+00
2.9331333e+00
2.6988970e+00
2.5325794e+00
2.3738822e+00
2.1725817e+00
1.9806984e+00
1.8481269e+00
4.2838422e+00
3.8081575e+00
3.4496708e+00
3.2045048e+00
3.4636314e+00
3.3167786e+00
2.9704041e+00
2.7305386e+00
2.4736569e+00
2.3060112e+00
2.1194941e+00
1.9617638e+00
1.7481516e+00
2.8237978e+00
3.7868936e+00
3.0598963e+00
2.6996540e+00
2.9095306e+00
3.0414750e+00
2.6992699e+00
2.4345470e+00
2.2882501e+00
2.1578092e+00
1.9776507e+00
1.8344511e+00
1.6789817e+00
2.7414032e+00
3.6042063e+00
2.8949622e+00
2.6302010e+00
2.7657350e+00
2.8742746e+00
2.6107014e+00
2.3207995e+00
2.0989935e+00
1.9844075e+00
1.8552414e+00
1.6869086e+00
1.5438235e+00
1.3539807e+00
1.1434421e+00
3.3438411e+00
2.9278761e+00
2.5193741e+00
2.3344021e+00
2.5617528e+00
2.5131203e+00
2.1928838e+00
1.9471419e+00
1.8297814e+00
1.6905980e+00
1.5521112e+00
1.3831986e+00
1.2101015e+00
1.0032891e+00
8.2132827e-01
2.9196764e+00
2.4420065e+00
1.8075387e+00
1.6968399e+00
2.1831575e+00
2.0125311e+00
1.7155930e+00
1.5225777e+00
1.3751490e+00
1.2492018e+00
1.1266045e+00
9.7951422e-01
8.0214778e-01
6.1841511e-01
1.9923934e+00
2.7825823e+00
2.0523169e+00
1.9350408e+00
1.9727366e+00
2.1096563e+00
1.8852993e+00
1.5540049e+00
1.4121250e+00
1.2302596e+00
1.0568771e+00
9.0805020e-01
7.2363353e-01
5.2774348e-01
3.4672917e-01
1.5042817e-01
2.5978473e+00
2.0231216e+00
1.3978620e+00
1.2392481e+00
1.8128497e+00
1.6774463e+00
1.2851149e+00
1.0895962e+00
9.6463827e-01
8.2062500e-01
6.7699627e-01
5.1200370e-01
3.5355594e-01
1.3250335e-01
2.5345173e+00
2.3616635e+00
1.6653456e+00
1.4482575e+00
1.8428382e+00
1.8474440e+00
1.4606175e+00
1.1935471e+00
1.0292630e+00
8.1802040e-01
5.8709480e-01
3.8410867e-01
2.0732661e-01
4.2342491e-02
1.1667429e-01
2.7194174e+00
1.9967127e+00
1.3658161e+00
1.2521391e+00
1.8616619e+00
1.6563855e+00
1.1998553e+00
9.3822952e-01
8.6174525e-01
6.7542323e-01
4.8591848e-01
3.1644665e-01
1.8654619e-01
2.2191991e+00
2.8307921e+00
1.8733032e+00
1.2905038e+00
1.7571290e+00
2.0732703e+00
1.6561149e+00
1.2799417e+00
1.1137572e+00
9.4797056e-01
7.7507181e-01
5.8391216e-01
4.4446798e-01
4.0371820e-01
3.3871999e+00
2.8840559e+00
2.2952357e+00
2.0831974e+00
2.5702326e+00
2.4890673e+00
2.1180776e+00
1.8199936e+00
1.6697044e+00
1.4640911e+00
1.3341849e+00
1.1742576e+00
9.8417748e-01
1.6211061e+00
3.7198142e+00
2.9518438e+00
2.3682356e+00
2.5675134e+00
3.0598286e+00
2.7258853e+00
2.3296650e+00
2.1532298e+00
2.0467202e+00
1.8824511e+00
1.6669760e+00
1.4985634e+00
2.5355695e+00
4.3552821e+00
3.6361605e+00
3.2403654e+00
3.2612331e+00
3.6424417e+00
3.3417202e+00
2.9507680e+00
2.7098049e+00
2.5195958e+00
2.3185941e+00
2.1575091e+00
1.8996361e+00
1.6601787e+00
1.4083336e+00
4.3499629e+00
4.3016132e+00
3.5549135e+00
3.2308535e+00
3.6700952e+00
3.6694494e+00
3.2673472e+00
2.9066029e+00
2.7118207e+00
2.5290708e+00
2.3158814e+00
2.1283059e+00
1.9142936e+00
1.7060791e+00
2.9848494e+00
4.6096948e+00
3.6865877e+00
3.0043270e+00
3.3780821e+00
3.6798753e+00
3.2877913e+00
2.8878810e+00
2.6478753e+00
2.4249552e+00
2.2149898e+00
2.0254882e+00
1.8321774e+00
1.6142118e+00
3.5482712e+00
4.7248068e+00
3.8837643e+00
3.4737898e+00
3.5586738e+00
3.8257845e+00
3.4376685e+00
2.9679273e+00
2.7090986e+00
2.4781626e+00
2.2322333e+00
1.9903413e+00
1.7359122e+00
1.5253539e+00
1.4504368e+00
4.6514389e+00
3.8686173e+00
3.0463370e+00
2.8189801e+00
3.6056295e+00
3.3267355e+00
2.7625253e+00
2.4493767e+00
2.2797254e+00
2.0750901e+00
1.8772624e+00
1.6165952e+00
1.3810635e+00
4.4824478e+00
4.4581974e+00
3.5464385e+00
3.0512737e+00
3.5360046e+00
3.6154250e+00
3.1049563e+00
2.6973516e+00
2.4165439e+00
2.1962304e+00
1.9637407e+00
1.7032968e+00
1.4753895e+00
1.3389702e+00
4.7988050e+00
4.1488867e+00
3.3807119e+00
3.0760500e+00
3.6622243e+00
3.4538085e+00
2.9578620e+00
2.5752764e+00
2.3753044e+00
2.1468298e+00
1.9007931e+00
1.6900798e+00
1.4790737e+00
4.4645152e+00
4.3897492e+00
3.3166283e+00
2.7205805e+00
3.5441685e+00
3.5471959e+00
3.0177046e+00
2.5876214e+00
2.4045557e+00
2.1839699e+00
1.9917843e+00
1.7889011e+00
1.7812404e+00
5.0828986e+00
4.4665218e+00
3.7973959e+00
3.5146582e+00
3.9954756e+00
3.7819373e+00
3.2956459e+00
2.9215504e+00
2.6666570e+00
2.4164261e+00
2.1658732e+00
1.9664744e+00
1.7865546e+00
5.0927318e+00
4.5230878e+00
3.6977237e+00
3.3832729e+00
4.0216927e+00
3.7984274e+00
3.2643771e+00
2.8949076e+00
2.7731317e+00
2.5531267e+00
2.3212868e+00
2.0996416e+00
3.4639552e+00
5.2349016e+00
4.2677680e+00
3.5481125e+00
3.7744424e+00
4.0880531e+00
3.6740756e+00
3.2150506e+00
2.9520809e+00
2.7008012e+00
2.4824244e+00
2.2533947e+00
2.0711357e+00
3.4221251e+00
5.3834173e+00
4.5071098e+00
3.9642040e+00
3.9301135e+00
4.2862826e+00
3.8941535e+00
3.4061964e+00
3.0963436e+00
2.8615240e+00
2.6153749e+00
2.3455171e+00
2.1029790e+00
1.8444918e+00
4.3771627e+00
5.0636620e+00
3.9917202e+00
3.2694957e+00
3.7933917e+00
4.0309077e+00
3.5249574e+00
3.0577615e+00
2.8390507e+00
2.6322192e+00
2.4177625e+00
2.1853512e+00
1.9858477e+00
4.0428533e+00
5.2583307e+00
4.2549508e+00
3.6373305e+00
3.8396828e+00
4.1007450e+00
3.6656784e+00
3.2405042e+00
2.9357490e+00
2.6717602e+00
2.3840089e+00
2.1779000e+00
1.9106590e+00
1.7261259e+00
2.5319641e+00
5.1228681e+00
4.1456979e+00
3.4390879e+00
3.3777475e+00
3.8736725e+00
3.4688336e+00
2.9689805e+00
2.6512577e+00
2.4422301e+00
2.1718409e+00
1.9383381e+00
1.6594416e+00
1.4690886e+00
1.6241195e+00
4.4124960e+00
3.5092634e+00
2.5066584e+00
2.4269256e+00
3.2476290e+00
2.9135255e+00
2.4039724e+00
2.0701360e+00
1.9093611e+00
1.7042409e+00
1.4732811e+00
1.2627842e+00
1.0570858e+00
4.1229883e+00
3.6257487e+00
2.8107613e+00
2.4329695e+00
2.9426629e+00
2.9257043e+00
2.4503155e+00
2.1047216e+00
1.8817966e+00
1.6284232e+00
1.3626162e+00
1.1211662e+00
9.4275551e-01
1.1268357e+00
3.8365397e+00
3.0733057e+00
2.3365019e+00
2.1484419e+00
2.7997216e+00
2.5634316e+00
2.0487545e+00
1.7853687e+00
1.6385560e+00
1.4377794e+00
1.1996899e+00
1.0728377e+00
1.3916065e+00
3.8171485e+00
3.0094331e+00
2.1518551e+00
2.1371001e+00
2.8382923e+00
2.5353348e+00
2.0827481e+00
1.8055920e+00
1.6043713e+00
1.4431734e+00
1.2575982e+00
1.0874743e+00
2.1020884e+00
4.0735669e+00
3.3205146e+00
2.8150064e+00
2.7493949e+00
3.1551031e+00
2.8830807e+00
2.4675236e+00
2.1848686e+00
2.0048337e+00
1.7509256e+00
1.5440594e+00
1.3468125e+00
1.1245487e+00
3.7380430e+00
4.0071477e+00
3.0984256e+00
2.5057335e+00
3.0434027e+00
3.2522436e+00
2.7957080e+00
2.4004079e+00
2.2330538e+00
2.0923626e+00
1.8782194e+00
1.7216740e+00
1.4970727e+00
4.3964658e+00
4.3315153e+00
3.4965162e+00
2.9960855e+00
3.5587745e+00
3.5531343e+00
3.0720510e+00
2.7150476e+00
2.4865807e+00
2.2717439e+00
2.0628325e+00
1.8535398e+00
1.6524843e+00
3.1629867e+00
4.8151915e+00
3.9781228e+00
3.4108084e+00
3.4222292e+00
3.7638068e+00
3.3820902e+00
2.9461260e+00
2.6596976e+00
2.4487763e+00
2.1732654e+00
1.9188847e+00
1.7190524e+00
1.5107688e+00
4.2330421e+00
4.4752652e+00
3.4183100e+00
2.7301390e+00
3.4064228e+00
3.5498941e+00
3.0755731e+00
2.6404424e+00
2.3859281e+00
2.2186961e+00
1.9933398e+00
1.7649056e+00
1.5292180e+00
3.0873294e+00
4.8580371e+00
3.9437342e+00
3.3100316e+00
3.2579976e+00
3.7110997e+00
3.3865903e+00
2.9117716e+00
2.5973192e+00
2.3332969e+00
2.0772498e+00
1.8498811e+00
1.5906165e+00
1.3515939e+00
1.8006205e+00
4.7759446e+00
3.9326667e+00
3.0885642e+00
2.8582278e+00
3.5408739e+00
3.2652133e+00
2.7392358e+00
2.3676153e+00
2.1729057e+00
1.9475197e+00
1.7020824e+00
1.5381684e+00
1.3317090e+00
4.2694047e+00
4.4218786e+00
3.2739986e+00
2.5071544e+00
3.2296430e+00
3.4197266e+00
2.8760344e+00
2.4021358e+00
2.1312166e+00
1.9438321e+00
1.7195340e+00
1.4788715e+00
1.2681775e+00
3.2843630e+00
4.8069457e+00
3.8302693e+00
3.1464497e+00
3.1210408e+00
3.6582566e+00
3.2497056e+00
2.7676867e+00
2.4110441e+00
2.1209948e+00
1.8994913e+00
1.6827232e+00
1.4059305e+00
1.2038713e+00
3.0708516e+00
4.6776009e+00
3.6210463e+00
2.7640818e+00
2.9197075e+00
3.4921361e+00
3.0732671e+00
2.5675426e+00
2.2698703e+00
2.1188845e+00
1.8606466e+00
1.6464013e+00
1.4952199e+00
2.4106235e+00
4.8368572e+00
3.8776767e+00
2.9551883e+00
2.9857080e+00
3.6108914e+00
3.2515520e+00
2.7414795e+00
2.3874528e+00
2.1874345e+00
1.9777356e+00
1.7361086e+00
1.5165055e+00
1.4770457e+00
4.9989166e+00
4.4291320e+00
3.6052922e+00
3.1602227e+00
3.7262722e+00
3.5794565e+00
3.1003513e+00
2.6560176e+00
2.4046749e+00
2.1310863e+00
1.9301491e+00
1.6949896e+00
1.4826594e+00
2.3633678e+00
4.8155016e+00
3.8620352e+00
2.9290470e+00
2.9898763e+00
3.6987048e+00
3.3016260e+00
2.7639334e+00
2.5165617e+00
2.3432973e+00
2.1175675e+00
1.9197455e+00
1.7326748e+00
4.2979487e+00
4.9602756e+00
4.0016152e+00
3.3082884e+00
3.7329445e+00
3.9873743e+00
3.5259971e+00
3.1097541e+00
2.8172456e+00
2.5930028e+00
2.4188179e+00
2.2022861e+00
1.9844277e+00
1.7725670e+00
5.2171741e+00
4.8693734e+00
4.1535698e+00
3.7460812e+00
4.1714765e+00
4.0818693e+00
3.6341580e+00
3.2372825e+00
2.9811046e+00
2.6988392e+00
2.5200741e+00
2.2853575e+00
2.0827288e+00
1.8194383e+00
4.1597749e+00
4.9811905e+00
3.9707916e+00
3.2757305e+00
3.8416086e+00
4.0552563e+00
3.5415419e+00
3.1281130e+00
2.9607029e+00
2.7622458e+00
2.5218989e+00
2.3091574e+00
2.1460486e+00
3.1750725e+00
5.4387549e+00
4.6100988e+00
3.9517742e+00
3.9316898e+00
4.3401361e+00
3.9922152e+00
3.5264201e+00
3.1934724e+00
2.9665642e+00
2.7431163e+00
2.5171168e+00
2.2735747e+00
2.0330309e+00
1.9898406e+00
5.4493231e+00
4.8525299e+00
4.0964258e+00
3.7427269e+00
4.2750169e+00
4.0713048e+00
3.5566258e+00
3.1340614e+00
2.9011059e+00
2.6682363e+00
2.4449379e+00
2.1987788e+00
1.9492634e+00
1.6530471e+00
4.6766195e+00
4.8451693e+00
3.7714202e+00
3.0893870e+00
3.8309769e+00
3.9312452e+00
3.4107863e+00
3.0036255e+00
2.8105766e+00
2.6189310e+00
2.4059242e+00
2.2374226e+00
2.0495873e+00
4.3936334e+00
5.2790522e+00
4.3776898e+00
3.8210446e+00
4.1961407e+00
4.3819920e+00
3.9418109e+00
3.5317030e+00
3.3065976e+00
3.1425067e+00
2.8977821e+00
2.6756194e+00
2.4677078e+00
2.2426291e+00
5.5713877e+00
5.3642451e+00
4.7452493e+00
4.3616473e+00
4.7526251e+00
4.6856657e+00
4.2069258e+00
3.8567686e+00
3.6274289e+00
3.4016342e+00
3.2077930e+00
2.9782019e+00
2.7783588e+00
2.5133021e+00
5.1828229e+00
5.1877736e+00
4.4225728e+00
4.0350116e+00
4.4878930e+00
4.4070286e+00
3.9617761e+00
3.6746646e+00
3.5335040e+00
3.3141846e+00
3.0988296e+00
2.9695197e+00
2.7478421e+00
4.2609546e+00
4.7184538e+00
4.0369571e+00
3.6605106e+00
3.9531338e+00
3.9507061e+00
3.5947875e+00
3.2666071e+00
3.1343356e+00
3.0010063e+00
2.7609821e+00
2.5368510e+00
2.3190766e+00
2.1522264e+00
3.4707565e+00
4.1540804e+00
3.5527900e+00
3.3751696e+00
3.3878979e+00
3.4698219e+00
3.2119194e+00
2.9155049e+00
2.7193460e+00
2.5530853e+00
2.4234801e+00
2.2109627e+00
1.9821879e+00
1.7613037e+00
1.5973595e+00
1.4115695e+00
3.5716845e+00
3.1538864e+00
2.6108840e+00
2.4227970e+00
2.8013986e+00
2.6901386e+00
2.3074951e+00
2.1168602e+00
2.0307981e+00
1.8799084e+00
1.7212695e+00
1.5990484e+00
1.4091141e+00
1.2535450e+00
1.8181030e+00
3.2380152e+00
2.4485842e+00
2.0943504e+00
2.2095707e+00
2.4778149e+00
2.1965150e+00
