1.642816138156469
1.431103820867858
1.2635542749038675
1.0773882493113796
0.8818192281925155
1.6600550440993849
3.4862648314465083
4.486615223940998
3.7602922839884183
2.6755937585612397
2.363148998330226
2.657236813989935
3.073393104648579
3.1046227467066405
2.6301539757143084
2.190098058806197
1.9994423487653519
1.7763096636393712
1.5850845077769786
1.462071847346409
1.203165485914611
1.004648116594074
0.8392283524192944
0.5811040498466646
1.2703602151396232
3.220980519061179
4.457052715223293
3.907118452923875
2.882061011580584
2.4491315571019188
2.564354555977148
2.9533605383823107
3.1172583054170175
2.713250671353437
2.1800244582615065
1.9551405465180625
1.7219381750018687
1.4208554398952287
1.3523591850088739
1.1091632216468859
0.7880011909593438
0.8988843512480319
0.4642922807320859
-0.06228968139733076
1.6923178593051413
4.165795706814275
4.1444222424103545
2.857339451823185
2.187824915519013
1.911223639393972
2.3088020780245997
2.9206132780916394
2.618984984311726
2.0631829044889405
1.7992783557281018
1.4606770437055123
1.3015481397757294
1.2233744754079803
0.9381135375143446
0.810509984040261
0.6082246092952754
0.3345612635652723
1.173403590027191
2.987942638729565
3.943144434781571
3.325684744104346
2.155877957819216
1.6042244644585573
1.9232828134037048
2.483825767116363
2.609789336544015
2.189820722329931
1.6716667175817888
1.4862965378205302
1.3433140866697446
1.024037163031466
0.9776706400007333
0.8618229049730798
0.2913926266766543
0.8008210501014947
2.9393967969763946
4.326086045566893
3.8261407674877197
2.912916419357591
2.407456420390429
2.2654045504230704
2.6420810878929086
2.9766214938839104
2.6579145339762857
2.2123562289507257
1.971733278425997
1.6593234181875722
1.4932313368231582
1.404763341203509
1.057626765035853
0.9887199983096985
0.9109897494110392
0.34342277727282133
1.2340959317702271
3.73555311566962
4.516622768536898
3.3954237999860037
2.7398744518198264
2.5387476429999096
2.6346601766820488
3.1486032661642125
3.026414611489961
2.5073449040402105
2.265746586133534
1.9168156866430273
1.7340418552760688
1.641140899734406
1.3003050527866993
1.3287929418122804
1.139961519143283
0.5804382643693763
1.6456960502183036
3.771035729032148
4.339522260914577
3.5429815293812874
2.7164165943806236
2.2656935283583355
2.5410328760301577
3.0698507252729956
2.989406305195548
2.577607291519001
2.2906205544216873
2.009808503853009
1.7808445517471228
1.660201322816529
1.454109753984876
1.2846846467076944
1.194128071047829
0.9299205149760611
1.2818892667416322
2.9866674973044525
4.447337923324671
4.184426177740484
3.26248336528373
2.877728231820792
2.9479289077837065
3.213939214102518
3.3492300937778157
3.031123019705141
2.537542711767586
2.309499359370155
2.1532063746178394
1.8681201351688
1.7664488047605058
1.604870939441299
1.22603893767514
1.2537897189136602
1.0336375623555984
0.43791131543716477
1.7338173705898845
4.171067570600449
4.4314605140400705
3.2382640728736414
2.615756965358288
2.40294170114713
2.7967999211326835
3.3544492201666314
3.0181813921443728
2.5272073963977895
2.2867357144365807
1.9579020588118965
1.8819878199660254
1.7289137222742164
1.4465198112482438
1.4909348705393743
1.087629329179369
0.7503054299642973
2.1640852089952727
4.100779681114097
4.496406665775592
3.778330504044449
3.0332091844340336
2.671432066932617
2.8418113564034364
3.215467885648297
3.1868170378769585
2.7626023350561617
2.437623976848485
2.1660970398005013
1.8588054445057527
1.778467081725276
1.5661137289706462
1.2977063573580623
1.3980049556998637
0.9074297652903036
0.5158205304540068
2.422958697372807
4.632254117687688
4.356436266796274
3.278633783548814
2.838403590845278
2.607927322056632
2.950728098572863
3.317506749381822
2.936398888481303
2.5670096549728108
2.309669717360099
1.9575834599177573
1.8706652463473097
1.6683954964364855
1.4023709079421987
1.3898777804382245
0.9870619450218159
0.9356693789858315
2.4583601837176827
4.094233675494698
4.252965331963481
3.424091029638298
2.527044268561041
2.323336776645942
2.8399841920352724
3.1424090246403056
2.9322033610831104
2.535942999337789
2.132911293199006
1.9500735210908475
1.810238999443449
1.5312569719941258
1.4548763461236323
1.2823449264179916
0.8030838592279556
1.2704603641924501
3.1176314017309883
4.560149863941574
4.38875472984792
3.5009130130515205
2.937612372883633
2.810176871231097
3.0913188084868466
3.396781378150819
3.113287374629325
2.641896085054916
2.414804281835206
2.0885571664570053
1.87083635251162
1.7709570481781514
1.4168215090372707
1.4032654787181744
1.3065849041771127
0.5824707968931458
1.5029967821106176
4.0721303709250645
4.712785920477961
3.5451217660045518
2.880555835570712
2.5765665565368003
2.7731028763169228
3.392534141677554
3.1452835308405507
2.623382707237366
2.4810086034554875
2.134286433793093
2.000873175799387
1.9124844254562068
1.540324783006452
1.6420685722240977
1.369841610023108
0.9471366293661216
2.7199452373502946
4.846612467698743
4.452786487608265
3.37979439152309
3.0256170569436924
2.900036976553089
3.371776340573219
3.6434946758489195
3.102284670295349
2.7854634221604253
2.5458442131512506
2.208562981112917
2.2136087169399437
1.9498189010051852
1.7358760400735607
1.8454683489536914
1.185274765574994
1.1734134191751115
3.343194733711452
5.047480967657828
4.610118899270669
3.7123827845201722
3.2417506540579764
3.129482468859665
3.4658088814577246
3.6776253777246235
3.3379202589949943
2.8954048741596847
2.654143506219253
2.389904613086914
2.1632730281169534
2.0910819717259965
1.818980165678732
1.6363167353321073
1.683342751435267
1.0992250069999
1.157111965205451
3.3786823666506374
4.972666207567703
4.114154489278944
3.1149236896677728
2.854728379663567
2.89370681780212
3.4358337545128963
3.494797222579645
2.893717759228438
2.6367295201570804
2.3735727398885436
2.0931564525850646
2.0710684172630125
1.7488696498316307
1.6095648229604413
1.5869284619700985
0.9372082993920324
1.4362635948659994
3.708056834465948
4.937964010715776
4.325738533527062
3.5062292272831534
3.0390074754370575
3.0235374923178315
3.414252892761638
3.4876779023787603
3.0901480477744294
2.7076976199912264
2.418744304218764
2.136115892088031
1.9888241950170684
1.8388671383642512
1.535772232990892
1.4220176963733504
1.2768773612267772
0.7140437864718339
1.0423183625540435
3.0159653304593297
4.583517889708782
4.333290322673996
3.3708781528222223
2.7026906666874804
2.530756596668718
2.9241905020456116
3.2604819724929546
2.944928673132246
2.455797990435523
2.161302931148278
1.8225141005936067
1.6449459096909853
1.603894326676639
1.2697783688334394
1.1347288902652397
1.077252901183641
0.37416498114156527
0.7669477465533028
3.1356305054532507
4.485647827167736
3.705214756699866
2.682147808109589
2.004663335137179
2.002114079323857
2.757450086209597
2.8979130536781605
2.431981122199436
2.122889018203749
1.6884904480500778
1.4677828666190345
1.396151790497626
1.0364800304333606
1.0934283739855741
0.8885801785625353
0.1895136593813663
1.5531604634030587
4.15734956825876
4.482186194845703
3.368984776324976
2.7736833399150322
2.4245622183535023
2.6495553299522907
3.1574974081814045
2.885965326231081
2.4451819600596147
2.199037987845468
1.8316712569710576
1.7094092507651057
1.5328956698105491
1.2117959356186383
1.2436027268708554
0.836619000920388
0.49332964811294
2.1286146866110878
4.237107567831829
4.421128763002938
3.606522894443721
2.922088735194442
2.5387338827251416
2.8863153973555074
3.2928654054979116
3.082644922181335
2.7462970440046393
2.355102639588581
2.0546650700812115
2.0276808628083987
1.757549251386449
1.642394513524288
1.710471908388756
1.0746529806452574
1.3385636641381504
3.514037197641944
4.749607593120664
4.051170385852676
3.2555307067001946
2.808610221778922
2.907688267440792
3.511991366200863
3.4469544845831543
2.9905569218432313
2.814402855963017
2.486152636301879
2.2995823805646682
2.253853358277478
1.9469124639717963
1.9218052637713436
1.7737608381947605
1.5345498817988616
2.961021423027354
4.937778682258522
4.922779939842944
4.027615880612846
3.796030739866717
3.7763218583600233
3.924692120081256
4.080376067940055
3.7477432988511064
3.360844427774121
3.1506303573699297
2.906759131001799
2.7654276445835397
2.6212209459182203
2.3857095557697185
2.2637226732354283
2.030965729614717
1.7378944722060936
2.3209986152337856
3.93329494725763
5.0639170024644935
4.698689809559332
3.851544092915614
3.622113840253692
3.798756631726623
4.025812052910997
4.056952017774692
3.666547202927484
3.283326523393845
3.14046610521192
2.951273306448908
2.807922282859518
2.6878591302000734
2.495860914893825
2.40841446903055
2.223488230609729
2.5225887589773555
4.102896554535464
5.234848915553945
4.561322928839814
3.7443841617935805
3.7128751730956155
3.9002283488676626
4.1606878164559085
4.027486752867147
3.5399275545919244
3.362754629199448
3.145197517428012
2.8973195723438705
2.8872339517243653
2.5605222976929367
2.397415585245642
2.4935743037061595
1.8467953949296025
2.0245266494414533
4.188998150986706
5.572487676308307
5.029798322707302
4.440915906623416
4.260476655318046
4.185892018865472
4.413408853372888
4.450919033383822
4.054743361996281
3.733365596662557
3.5355325650787015
3.2633218879111068
3.1195969652669038
3.0439668808094487
2.736953519305781
2.606107365792448
2.627052992348946
2.054118907349833
2.116738870826875
4.021471373680764
5.433755544731226
4.89887699253304
4.193834889852485
3.980958986270891
3.964034693056928
4.363848082570561
4.421027897890433
3.9367496995352402
3.718115378714553
3.5475649199004575
3.3374957432715036
3.3022845143195063
3.065550810713659
2.944572354451529
2.9150273194307035
2.4407237959807246
2.776657542483889
4.368456996264001
5.231356117689312
4.898451273899765
4.43410178188233
4.1153796435262135
4.172441089560374
4.423943605342287
4.275779110225027
4.024346607307707
3.8251350851165835
3.5334044594416474
3.443720383904065
3.3183407316785445
3.0569985973915696
3.007743663081071
2.785996754533075
2.5855415686083374
2.6774255537776726
2.165760424581076
2.102099741918984
3.874035213896966
5.137764647784443
4.575994368527299
4.095994538641298
4.043208969858546
3.941174336180202
4.1514641096012665
4.127522667764047
3.7406032056263028
3.5510880968828547
3.327297115333491
3.1599997545860026
3.1185163067095814
2.862634056613886
2.7507353462344906
2.6597477931241804
2.3448206941626326
2.3399914598999736
2.1353295638773395
1.83527334169045
2.9929712090494185
4.514802554157253
4.34562397532035
3.50569273810798
3.2969728980491153
3.4505573991622174
3.7020597985705983
3.7411976343007094
3.3990902820080193
3.086943557536427
2.9872350755599193
2.870760444470622
2.6897703866435436
2.6149148344309783
2.4613409487450806
2.175990413845117
2.2065102325539883
2.0351492052802196
1.5255099424215746
2.470750404339495
4.401117777877291
4.6935418167129805
3.917917514853167
3.669389266857593
3.55533128713069
3.641266175428232
3.9033188209390914
3.669555448865947
3.344173519688075
3.143597036115948
2.8890596041934264
2.844263478423032
2.693714438045734
2.437343530025347
2.3775075376597306
2.0713574628705955
1.907045420068167
1.96192725515958
1.369196496197275
1.5727281289347617
3.5270864527821018
4.655275443641728
4.0237617318713585
3.370996087485933
3.166082472576063
3.245301136493257
3.6040820139708067
3.6370609590488137
3.236689586581689
2.915141115941971
2.7690644081200815
2.629562026945882
2.520431989296141
2.420835103293666
2.1730397312573277
2.0658646261460785
2.0643542282368488
1.5593169592168556
1.6921860635831898
3.5173298373256694
4.794001327104699
4.235061475241437
3.541347108332816
3.2939414133451352
3.3040821424519575
3.73115399096834
3.7644966146872916
3.3268348245375776
3.0929769611329485
2.821129610046813
2.6163521586502614
2.581840600972351
2.346492107425165
2.223655046737151
2.0804798720427304
1.7638364792181465
1.791714364780697
1.4967979297110365
1.287598193045247
2.984278699742625
4.814944854361742
4.425999043705895
3.524629661056607
3.381564367358005
3.359593933208532
3.6124641926345156
3.8077548337711242
3.388713719982782
2.989151875736432
2.8040395046857878
2.5595669793858686
2.4324443693697355
2.335539715943927
2.1240208203462903
1.9472869366147967
1.8079775180200282
1.5717203888084643
1.3084558189590014
1.7557078177774825
3.307951969196201
4.537547490495506
4.200685712310092
3.2353267958914724
2.819597070177328
3.016270069520197
3.4582298023533036
3.5620490303346757
3.160221087060905
2.783293223739412
2.56050596622772
2.315372861707447
2.1978417298920094
2.0750239195524354
1.837032883646413
1.7821548575207358
1.5647263978705834
1.1383205219246115
1.8762502220603712
3.7608428557259233
4.721988368119006
4.2560509297419475
3.5571625323295164
3.197211188483816
3.28900378285119
3.6148647913071854
3.6311049216926774
3.3354969170891398
2.948135344761203
2.6274925678059664
2.5002106063479035
2.3074590417234706
2.090227823870693
1.986722647665126
1.7093148322555851
1.5691897602701323
1.4935210832159143
1.1029159213136581
1.9663648238201485
4.1704192741224375
4.758133765986016
3.683918972639359
3.1399571315636896
3.061629235587069
3.2572380077505994
3.6921702909861542
3.4159014517627235
2.884182772005061
2.7016646100871995
2.417204475334783
2.3232319498953995
2.2465736265019673
1.8775651337518495
1.9485280520350299
1.7731281160189178
1.1540273518456003
2.240332745188341
4.397370076781484
4.817926301569239
3.8889464870259647
3.194152955155507
2.950813166530554
3.281059939986333
3.7286624507168202
3.483891024764161
2.9642354166736533
2.732923415799885
2.515573954020952
2.3000302560123584
2.2499171318847457
2.0548848128822335
1.8129473056222292
1.7753624161020458
1.4683545400076794
1.4461600413083546
3.00096289122352
4.803902278540645
4.751579872578047
3.76521176421173
3.406504167376147
3.4790509297170615
3.6743423347025677
3.856458707231406
3.5682099282410906
3.0409692272407125
2.821239594745802
2.639918550773378
2.3420834652700817
2.2852525355410616
2.1426716140901463
1.7947216993099424
1.8429727006853163
1.5975692940464294
0.8955400499846327
1.9190694058376685
4.288945598104623
4.8787811157469285
3.8484691881856197
3.130289438108811
2.8443940806745474
3.114056180023031
3.7074222627598976
3.543548654787368
2.9884350242542674
2.741591221837015
2.4977970004941352
2.321733854202775
2.232299325013089
1.9926897544752409
1.878970100181212
1.729689995280083
1.4045229617439592
1.9325386563367526
3.55287284870585
4.693333692540882
4.375787402130971
3.468756536550145
3.0724742906696787
3.235275067155219
3.5193938104292
3.577944760007849
3.2171847640270004
2.752034545005034
2.546581911297349
2.36645505831673
2.133746463451291
2.010615265910821
1.8055160555607048
1.5798361717286051
1.4295098739225303
1.15187340985345
1.5380999954447385
3.2213912557364255
4.608890505013474
4.362144958844896
3.4494794737435566
2.9809346177113594
3.0379980675623743
3.3498933061646046
3.4705452822538065
3.144919081904448
2.6335783182127557
2.3395119824403285
2.208096752141776
1.9587371347736888
1.80019959868001
1.680301797556853
1.3186748133341466
1.2511979515297278
1.1470091293331903
0.552584605973626
1.5000843542756293
3.9550802925329176
4.461998946733555
3.1072566068105143
2.338399333906141
2.1831451228500036
2.596879745359302
3.2439557014170877
2.8878150998543344
2.2958202702892443
2.1146267298140065
1.7535050283881275
1.670822990196869
1.5942945057364426
1.1881623521269156
1.3039685572276536
0.9846043645573306
0.3653877228022263
2.0287326516124207
4.424423333245731
4.393520586821901
3.2588205071724614
2.6568570520136023
2.4194832387797374
2.7998367117999385
3.2114567416126545
2.8905387685066835
2.4578737033975355
2.1873947704876837
1.8646187406661696
1.6776551498756282
1.5428516784067101
1.299686680413628
1.1367430742641376
0.9698978364810467
0.7019087210201361
1.2200877818154403
3.057620090493343
4.450906792478211
3.9595940730032173
2.9478241673171257
2.5877216717179228
2.590858552393856
2.9399045930859717
3.129307585003832
2.64171863935049
2.219143789449356
2.004900597487319
1.674354427830894
1.5569972192467503
1.3593560785457997
1.0531818347148625
1.0602745423632562
0.6294872990738505
0.4092321788801947
2.1309432357355265
4.068268407888126
4.025399169286283
3.059121082886647
2.2159955040541126
1.849736419213639
2.41737763129373
2.917204179921876
2.651272113770855
2.2531683427136904
1.8167413944339392
1.551269333073163
1.520052047246843
1.1734066303143007
1.09897754124016
1.1013860701912033
0.3174137848281264
0.9381688972573814
3.5913465731078054
4.621702554876654
3.534073561890258
2.7619189481501025
2.381133771994497
2.4143778488864047
3.0001604468426715
2.9061555989984615
2.410485367155823
2.214234707535427
1.804987856146516
1.560132599562537
1.4794111647064094
1.092629969288561
1.104627294140202
0.8989901788546437
0.24398039292911766
1.57140054293404
4.112759456580042
4.52923582200473
3.533164153368715
2.901828119385104
2.453648381783018
2.5956202713056276
3.0981742709081224
2.958297256235423
2.5758272700792886
2.20705144160576
1.8065067326654292
1.7443034767062722
1.524853887757825
1.223019131791698
1.3078344848406545
0.7854117370817174
0.5109372901244995
2.4131737179522506
4.358156140208311
4.090989269570357
3.059727414702837
2.3112085762181653
2.0406947867449183
2.6622931549001576
3.064628044006504
2.654987450931407
2.302533399595928
1.95506789757155
1.6348466426556363
1.5931457318295221
1.3237467015498312
1.1921644998401864
1.169305126111634
0.6629598756569786
1.4788732499977142
3.869149872401522
4.566582664064558
3.4259658126917394
2.731657914077304
2.493486166966921
2.668821986954317
3.1920949459592443
2.953921624862534
2.4183862458026693
2.2137997926923987
1.8514291385192103
1.6776672989714991
1.563585090102371
1.1616016922658257
1.1995399905161068
0.9500045900703884
0.26422817891307604
1.5691065084037321
4.105837926352832
4.5861807183274035
3.5366434313440567
2.8202589317785396
2.424292950408104
2.566592430936857
3.085656532264806
2.9795015572870414
2.4964165220621246
2.2085415243996604
1.8773012103223892
1.6099135558134243
1.4869100333838503
1.2385392020711878
1.0691016231669603
0.9020121934090509
0.5799958273764878
1.1643239920446646
2.9511235003273324
4.14155401453785
3.687052869426318
2.540602880707201
1.9249597919388797
2.189077511171275
2.7091685687781206
2.8146182880104496
2.472397512046959
1.951161425668293
1.7133119347792074
1.648653669830503
1.2900977980071184
1.2055495215652354
1.2080110434505649
0.5306589963116167
1.079160492387928
3.55162441974762
4.651091707278755
3.6001158066834815
2.7288489081570635
2.447644779604751
2.589720594319795
3.1550853863333996
3.1040211406945732
2.538005040301324
2.265679640211983
2.0156224975796118
1.7559349943813825
1.6707595486881897
1.529146438440599
1.2641195746248677
1.093028225159063
1.8750981084160765
3.708272593146787
4.730155889216911
4.223777535923683
3.49776512792573
3.1763741397637726
3.251374988854689
3.5610047306327095
3.5314336837623914
3.200255098178448
2.8805874525485
2.5906599491719047
2.4394356137687603
2.245050082415564
2.0328411140733014
1.954042426248804
1.5640340747969037
1.6326496599608746
3.215769844523167
4.706736685269729
4.662866392286968
3.9563503181556388
3.34472723461918
3.212326943319897
3.6137649066850406
3.7560862811566103
3.5334477733411713
3.2072615525750514
2.7567242986186558
2.634873428504381
2.590050482445048
2.268604685687415
2.294761600298805
2.098515608383358
1.5966706308598593
2.714214794418213
4.64144120190713
4.74272008413322
3.7065804484598464
3.219729287977004
3.274599819314388
3.6227503441068
3.8354881167779844
3.5145678915167964
3.0698676349847194
2.900925044920871
2.8027583039439947
2.5473290344881683
2.4688010034646855
2.4373667650870314
1.8964555985202654
2.2152546296327364
4.21702524865778
5.277366818774131
4.455273453861171
3.830991791840076
3.6992074738291025
3.718826781122911
4.132873823784034
4.042909936955299
3.5247209774766226
3.371210186072533
3.091215569746449
2.853567123471445
2.847614387986244
2.538557041292788
2.493319732851792
2.389245665424454
1.75695876991939
2.6545902753942157
4.817418651099851
5.3173960593690115
4.613705669255116
4.271888664959796
3.999087069704175
4.034507425822177
4.274055305529411
4.0635916388864475
3.825296361470792
3.5865281762660133
3.2208281261402396
3.107447559875193
2.8670712923473576
2.5841267189703445
2.579971250466615
2.2528035610201105
2.071532502347456
2.157804656054357
1.466102674223339
1.6286655315620207
3.831007594314729
5.151192175119328
4.450270771575661
3.688713482590979
3.3977349970948483
3.454043796209358
3.8844907620204516
3.908385534693055
3.461174515807274
3.1603057632239206
2.975513289444896
2.766897940553454
2.617061611394015
2.4515853673986117
2.1736584185213914
2.06010187493184
2.0541436483274795
1.5569059465651838
1.586554481278345
3.385671685031429
4.952760219026017
4.635742854919686
3.8754208497928846
3.4437300117921508
3.2723628246000622
3.664487306254393
3.846438309674447
3.4693245827975048
3.1590016676212302
2.8512417646772064
2.62834700359893
2.5229130707357874
2.2235438625839428
2.0837182711674367
1.9074491272113643
1.5593211692888356
1.6594699935216437
1.3323279956820926
0.7868716004458535
2.3592046920757266
4.67120477204338
4.703582087475844
3.6274566203905687
3.1340051603825536
2.9261547216518755
3.171066709376378
3.586367142672574
3.3103115258112954
2.79586088489729
2.5589709325705523
2.2781549833294124
2.035427160136838
1.9603144225880977
1.699737023102089
1.4392279488464856
1.458032309004119
1.113998294367113
0.6697085833949101
1.723387032176831
3.7864055744997867
4.489576729080018
3.595785820606557
2.615544521330743
2.197247260634958
2.455997975608968
3.0833278374412885
3.1059704130122032
2.5526546506889254
2.240929893398521
1.9983776512744185
1.7006066727378069
1.701151377653542
1.518781830493733
1.1794583619948065
1.2392171244414303
0.8965818416368782
0.6147061995773441
2.3313614435761822
4.492008074149914
4.411720685697636
3.288360893758766
2.8385799032794323
2.7959189007868344
3.071913517333788
3.391143585684144
3.0794079374376775
2.5606277149538617
2.3726449298737102
2.143346094471603
1.8298266164691315
1.7657993741665448
1.597066764353725
1.279648471761616
1.3220892613081843
1.0295711678867197
0.5359885876426833
1.999483421064717
4.40670550660182
4.513177582614676
3.272790074022268
2.8107588600631703
2.6958182763170004
2.937527132396581
3.3561779888521714
3.002837457534259
2.538431635664463
2.3479850383975873
1.9877958072718767
1.8813647712940682
1.7543218176683453
1.4126047675242719
1.4511168281325748
1.0912617304743035
0.7418191821778332
2.2874323859693515
4.20975616843397
4.285879890916523
3.4313873889993767
2.5988346400091356
2.2419036807647554
2.8369145253537202
3.284583219203305
2.9655310967658286
2.5978780755939566
2.2116221048596216
1.9502039303224437
1.9255234006497246
1.6233497624081812
1.5227427547164833
1.535755350242232
0.8291287686678666
1.1398665381248185
3.436141489649427
4.876978227159869
4.304615452433131
3.475850465751867
3.0262458978137934
2.976935284879791
3.3900035099677357
3.505875829330529
3.159484739030675
2.82969062649378
2.509591159312471
2.2477831470891165
2.0936195024631625
1.8859527761176966
1.7360555871039154
1.5886345153531427
1.2817371707339777
1.489990335960079
2.925104319336434
4.556234752541197
4.690244364244501
3.7561677027006697
3.2578134332812474
3.249414275258877
3.420788647855976
3.6654002189230526
3.3994104351480394
2.890229021491824
2.6721550650954744
2.3815902901139046
2.192483941637192
2.118889849134745
1.752793589548755
1.7255739466587652
1.6000206011370832
0.8936211367347198
1.8775740634154032
4.324703131517229
4.843255630510749
3.748548207692002
3.0217872238345613
2.661177580253788
3.036654817406869
3.668397084748161
3.3271639626134366
2.845153345106654
2.6219795917931656
2.208066423889474
2.1485213552215736
2.0288109817429865
1.6776437243263493
1.8193082481283616
1.3959059779159555
1.0215415157243792
3.0020487984384037
5.050889904793657
4.57393788618678
3.6118341742833815
3.309202507651011
3.154698186765491
3.5322071206059853
3.716936998531539
3.2183248984760024
2.917816869392771
2.654668300774252
2.3196638372825387
2.2528131791802974
1.9703546469202533
1.7632912144951545
1.7814261884450642
1.2223422860500401
1.2895444491730637
3.143842211128166
4.759363757375751
4.635798766158963
3.799202838624982
3.226418231752141
3.109163105905238
3.382226688308794
3.623145388132677
3.393565595137077
2.9023770506974214
2.605692474218789
2.3628086299519175
2.15142267931248
2.099803621277209
1.7930659228067105
1.5788045293465693
1.6398787753976003
1.0174086712060315
1.0748187636216255
3.2525284501016607
4.661892817666523
3.781417211157839
2.8029633767799496
2.38342052476691
2.472408433239137
3.190787188279076
3.211916727281604
2.6251528542555564
2.396768689134572
2.041559241005319
1.8212788052056186
1.837089566668452
1.4633381887536765
1.4478210690042475
1.3888571724179468
0.6621731021293477
1.5494981789593396
3.90053942348551
4.4590620404192425
3.4430011519787405
2.796904668669494
2.5691079152828697
2.767289562795112
3.194833636348156
3.047816071484727
2.5541742394755618
2.289382591645495
2.075817277526496
1.7958655209072472
1.6617469356851862
1.4986272917959202
1.1918017267185024
1.1620025722573482
1.008346424455511
0.5429480562325024
1.5552653744607743
3.7979866380899576
4.240951771345482
3.0761561866134977
2.523276141240069
2.4409256665897345
2.617611752048955
3.087206796470891
2.8696088452512707
2.2957126457999992
2.0873939665372445
1.8006974400916176
1.594198967227967
1.5396825908602954
1.2598526811855155
1.1523547987062428
0.959093967036298
0.5411775624046775
1.3331322660992444
3.1260825615818746
3.9162331904025005
3.3873566804967346
2.4223750180358907
1.7923272175950398
2.0507852662854216
2.6376136640574206
2.7257531962955595
2.4129192795778573
1.98451066961444
1.6594422609687074
1.5094688023539358
1.301424532100273
1.1613941731745516
1.116748750665167
0.7462107727488477
0.6190336105861874
1.8116311172781976
3.5768719396349495
4.131491683985999
3.4241560049201785
2.71475957644267
2.4354782337597154
2.532532274603355
2.9417339206304995
2.968761695162883
2.5045562174863107
2.2297667316541334
1.9818833229300046
1.6850503745855583
1.630403039250079
1.3329292278856846
1.0781936568083572
1.1882570044725753
0.6157591346411226
0.5086451863848802
2.6319475071921605
4.435266341625403
3.8822248890108226
2.9122962964522645
2.510036095455527
2.4068452978627923
2.9065882697164818
3.1966866523443955
2.736755896598445
2.350312446020504
2.115976598554413
1.8647894818920525
1.8040335878096152
1.6646359730253812
1.4305161527553412
1.2846308537016884
1.4551179952652724
2.6860775915314594
4.235205550948584
4.219074049759483
3.159878694033792
2.6762106230657374
2.8011679840659776
3.1999025258372944
3.42377742298069
3.008641023191724
2.6469953098212518
2.546574177793347
2.2012327146966935
2.160565423445055
2.1552932211291194
1.5394323280343254
2.099997388343263
4.21560234975
5.135746114885584
4.466841455882413
3.931458450417272
3.6916421489021163
3.7074539132590565
4.025201667495516
3.9539254023790598
3.577174452434356
3.3312543705363193
3.083088605461928
2.8810334685227996
2.7393822495808853
2.5759880032015614
2.39992811549131
2.249147643050097
2.8262422257479862
4.207117840537728
4.86543813742925
4.360855924197619
3.8321705330104763
3.7152117316851654
3.826341648632202
3.9747296498237525
3.87604208315914
3.5500404416696343
3.228646359627035
3.0863691425044166
3.014686881468204
2.8097350052546055
2.68774057615226
2.5620952431316297
2.29965968900273
2.343136669683102
2.171650312914067
1.713214831520124
2.7103536059948548
4.397453580900161
4.287727703952396
3.32743671371535
3.0915517465866307
3.137434284589302
3.4117212635135705
3.599639209416791
3.2024483118629634
2.9359802783658786
2.8277904315573146
2.566182445480254
2.5538048439395915
2.413965740491318
2.1743778898632735
2.2526355137342957
1.843842655787654
1.6984474853207403
3.1887538772284403
4.373889042503731
3.9060414727098793
3.414062460165601
3.3482029113886638
3.238835729335662
3.4064856547847384
3.4676192361806057
3.136448525721084
2.931994189986841
2.779897241340088
2.5394461479670993
2.424719348598058
2.2892971864510496
2.136336440526748
2.0691270064520033
1.8421122674603039
1.7635198485741788
2.484871339311638
3.501943909585767
3.6947296101651985
3.116144081064186
2.701410948689013
2.761658801792824
2.9675952245780963
3.0352956872345915
2.8518676718099973
2.572383807300687
2.4082783843818065
2.313653150711537
2.214082771579554
2.0953372135758777
1.9800693569766932
1.8684269622051217
1.6791283652442186
1.8345555518095686
2.7502003159824344
3.5366523117144952
3.3419065504787073
2.796800042889205
2.607669653636199
2.7110988707668477
2.854314292936768
2.8354382317218887
2.663044307214486
2.429057911725575
2.2105181826726232
2.107643249786496
1.9985150736371224
1.8938356024472984
1.851832079229788
1.646348123036157
1.560951114426293
1.5755598928564736
1.087680915641109
1.2186016521344878
2.7139572277926427
3.461436620686481
2.8308291360664675
2.4717984606089374
2.4290733362703145
2.3585623887850344
2.577907749645056
2.5791684506744375
2.287729632533272
2.128219033237683
1.9339250052696084
1.827014231710743
1.8011313194024179
1.616525271178243
1.5633434133412585
1.459917456955615
1.2276113231814514
1.2699714382615417
0.9759095202929439
0.6428033322112374
1.7020360349063708
2.950800341513223
2.6583483687357172
1.9148869632130134
1.707286274263119
1.76454536454044
2.064390757482501
2.204023426472044
1.9022975784552847
1.6852903857077355
1.598627358224904
1.4224203495896204
1.3383055002277104
1.2801891633884606
1.139906861241617
1.0600759372808672
0.9912756543859162
0.7851966605510126
0.5885526624063697
1.0020311590930362
2.1496402745711163
2.8097285049877696
2.3686654271164134
1.9298223829500518
1.9482745197809141
1.9503279848068589
2.047503933889602
2.119886101900238
1.8564105010103575
1.6295648557894142
1.5044556865142618
1.3337193232022801
1.2740094346463633
1.118937273645739
0.9415426765324049
0.9510093260513608
0.7191830396227672
0.5402194757688924
0.6254631812749422
0.15084791886515705
0.06466379142589271
1.5627742756153582
2.6734532720545303
2.105173746860154
1.3959534137469825
1.2635637405337519
1.3817228351151845
1.7326879222497134
1.8413518147937964
1.4814592738027694
1.2069385879225996
1.1387704198113584
0.9986480469985464
0.8822798248522243
0.8530610744234839
0.6730825109322248
0.5386378940239971
0.5864046143525015
0.20972286580928282
0.0376159171378667
1.3710532610020634
2.7407607107084573
2.4413982547311903
1.727710386236267
1.5305436458138042
1.5003748177066567
1.7844026408102196
1.9638369311014978
1.6608237159665067
1.4206571867874793
1.237154436526792
1.0505960071078027
1.001681313240379
0.7812118833650491
0.6049350910899453
0.5280712680802998
0.25420172117913925
0.2532470224611717
0.1315823812728056
-0.2722701731759374
0.7815466584154838
2.551226798119603
2.4997818162827374
1.5596195200139877
1.2870003833094432
1.2851210731552165
1.6043928279385389
1.9290350129903535
1.5972868363036063
1.2271368301102368
1.0614563617295454
0.8694917335364833
0.8662031200041752
0.7437530580176435
0.5091966636517615
0.5259833434170939
0.26434705750859055
0.052539929509619
1.0464201229905352
2.509887387574406
2.886175795303438
2.2130184176956287
1.4993535269435252
1.3351413307498965
1.6585670942698403
2.045854676180174
1.999827476990848
1.584153831200211
1.33855167897668
1.2004645088713723
1.0139062184265608
0.9932581130613958
0.8184925270633715
0.5930614073587049
0.6991512036209853
0.34383601919600204
0.13987596400275978
1.7582712568741443
3.4514876105303487
3.1365995018159527
2.3253221216394757
2.1712747526613407
2.174781109436137
2.426142562246718
2.6553226910610626
2.374866847090816
2.053481563373149
1.9129810589759941
1.7240926078090957
1.5910453959083777
1.50840597697724
1.3421453640825036
1.2484694380325856
1.1861124668832748
0.9316057125109005
1.197644438259052
2.6171070378015076
3.698871725873029
3.192159508889062
2.4088573379599625
2.3753283653228854
2.648045900001896
2.9698341375849733
2.984849500111637
2.5717883835473514
2.310504556085604
2.2075943914966736
2.075531795784364
2.029443274627077
1.8903796449837103
1.7208497355638381
1.5734558858165735
1.5144818005842962
2.410003032194882
3.9061684198511877
4.2594456389694155
3.5954892641131164
3.204464090610776
3.220908054527671
3.4095602691684808
3.602375869033369
3.4764865536475393
3.1068178995769333
2.849929058755457
2.7447158661227062
2.5599941358987914
2.3898473753239053
2.3471037428729904
2.123031220674028
1.9568513717114464
1.9493465543654072
1.4025514239874994
1.3831700588714755
3.188895767888399
4.697786177992715
4.298605028658435
3.570594923847888
3.339512936344946
3.3170793669261727
3.6356213351853555
3.780749279494959
3.4522471657176004
3.1663345348371363
2.943485425827525
2.7293539716621362
2.6488701239821
2.502427228954842
2.3127147277957185
2.205209798073531
2.067706318011107
1.8522973225949175
1.6941100698675244
2.2376949218824027
3.6864331226683436
4.584235666979841
3.999245039638049
3.142685914785394
3.0470228399461146
3.382789831380994
3.6496968943962953
3.566594358509156
3.184181815676239
2.895977298854951
2.7370204368008513
2.539758788238834
2.398607134741907
2.2480035115824024
2.0675626054515943
2.0131677475992142
1.7611757855969397
1.5448120911199683
2.512654750376109
4.154373143902364
4.684421344359718
4.131654812968138
3.597398689614958
3.4224410208223475
3.5829283513859482
3.786969478818674
3.698667124571601
3.3773494842436977
2.9828230608385264
2.7694270923538067
2.669956774230207
2.4049036358415
2.273305181424924
2.147616426377133
1.801407161102289
1.818452406228742
1.6052296841218405
1.0677632055537358
2.342020084860982
4.484588843615864
4.432243181721381
3.2929579264266047
2.9223306780606757
2.8738801686750413
3.2888603751341616
3.695443363724789
3.21894919641311
2.780387407106887
2.612256665182792
2.313488639450151
2.299315964955917
2.139064406367328
1.8631247761270546
1.9729650406800572
1.484266099035591
1.1827551376979524
2.9103390988288558
4.739551360695179
4.586082534334059
3.721368716130303
3.240551777710068
3.1199478296754495
3.4373415071511566
3.7134598733285484
3.4535533438051025
3.0152706550540653
2.771274504449232
2.5319441924791692
2.2937669386168156
2.2385722881966608
2.0054456651866017
1.7430988763658146
1.8111528918940096
1.3366086164261666
1.0854756496889524
2.9943913403530757
4.915686314804937
4.393759087637767
3.4117597434950087
3.2285830208326756
3.1641593411096296
3.5173018293798384
3.724440493477901
3.2207280653059067
2.9080873700288357
2.6882372211400885
2.3762595747620145
2.3741599586398543
2.1277601779223194
1.8950537605936288
1.9571742062746413
1.387333611119936
1.535198258986143
3.5847137921873005
4.867698187052103
4.213031852631094
3.3534332932504807
2.8336024532096933
2.919841260217795
3.6104700359141844
3.651315783211589
3.173725274029679
2.914794640252354
2.554094474021632
2.395778951933658
2.382718318627768
2.029009272258711
2.0413706851184616
1.9402716795846193
1.3456643102078059
2.501694300149014
4.815573365307225
5.041390462203231
4.028340566418919
3.7124325378278904
3.570042979819643
3.734205881469257
4.077091112301423
3.724085846982338
3.3382711919944175
3.1439957113941785
2.763053995977141
2.692441238635933
2.519517396108498
2.160793192011813
2.290059224526843
1.8815741610855083
1.500331899314709
3.280953799679761
5.185757508873341
4.782983412791417
3.8174187741573893
3.505645155077686
3.474929236074118
3.8736703134805364
4.059311764090751
3.5985128556769213
3.2149117846743467
2.989884016298639
2.7882293185603104
2.7307500024387
2.5786940058236256
2.3639646328223733
2.1611251220590635
2.207068675467946
3.3453010343377723
4.9061136775345116
5.053030112741396
4.103834220441173
3.560810579612192
3.6305811375999086
3.928996338945747
4.07768498852882
3.7832550261247153
3.3736447452224745
3.141541199937448
2.9364617591643833
2.7544491627388177
2.599596351245997
2.425259836150183
2.2624027547109558
2.052842750217203
2.3865961332079664
3.902045548584924
5.255817600692145
5.001887694194409
4.177890734902662
3.9143789316803645
3.937273620480675
4.141448539579356
4.256578050169821
3.866718344923187
3.464263499548269
3.2623388061044425
2.999746621253554
2.8712475876402777
2.708860691612994
2.4225225645687427
2.383819714349894
2.082382319346876
1.6908225456360402
2.748815764821066
4.624393776599148
5.164992028753558
4.42701639674424
3.6206160155607416
3.295234359890754
3.638151875305131
4.067317262416134
3.9131676992105886
3.5020402121325462
3.164514655519022
2.90733541067719
2.8058311544818566
2.646076343806312
2.449135104516854
2.384432944431555
2.0570609693131527
1.944696583175854
3.169358949942038
4.8197565768989215
5.180954855562925
4.462272863238799
3.7663792651246126
3.6150073030971632
3.8979934748485014
4.077663124272601
3.915125458344658
3.565776949054902
3.2063431306021273
3.0186288892109205
2.8397821790513
2.563974598231
2.4332104319279617
2.2547433229265983
2.0153330404138265
1.9508642984603326
1.682982995175641
1.9045591568405538
3.624706532003996
5.044995954260145
4.536989859604501
3.5689976982181784
3.3293669617526365
3.4641779998145923
3.7368566811402157
3.783464908971759
3.362216143541351
2.932384047034574
2.7530937750006825
2.576971835179956
2.3496738951433347
2.2325009148956596
2.0359881941384415
1.7570590075785815
1.7318298939019154
1.4659567991608187
1.2226400815290823
2.591565579724095
4.339468336089724
3.98800134572123
2.771212733413032
2.385070534885059
2.486513923327011
3.0018241882142673
3.286193115073884
2.7664253712667666
2.40241994046319
2.221535344167056
1.9180500260144062
1.9358996115386322
1.7399389748496699
1.4638763074149415
1.5834557544947654
1.0578867792296658
0.9187726148254269
2.809310502766616
4.2991194388981935
3.69803872366536
2.8576180864869443
2.5724959905926394
2.5245202926049317
2.870298460605672
3.0624481629385936
2.7131653789035055
2.350202838491704
2.1638376709446616
1.9453066686593234
1.763794210906502
1.6460309554454566
1.3726828395661042
1.177091068312238
1.1735353775324067
0.800637490695936
0.9242521827865262
2.6440852111920776
3.898933979662182
3.190387136254709
2.3509818461241627
2.2042195556119806
2.269746037144889
2.7068828151689086
2.809501869173595
2.2791136893947455
2.0026289370074015
1.8403819396228083
1.6370516326061382
1.630972571033581
1.3910321610529688
1.2116223582092698
1.209704415046334
0.897975743514317
1.5479590884093388
3.332638536738315
3.7622919650044695
2.72915479606962
2.113984605890876
2.0902795807767864
2.433769373928225
2.858193297844054
2.6250095741834416
2.166436554366498
1.9995800119407932
1.7728744539304568
1.6062276873814991
1.545079184169229
1.3641963833056392
1.2460480862507062
1.0961322433342582
1.343350098162598
2.759338100593217
4.00684252025421
3.6813058968768355
2.9541617541429797
2.762936210915652
2.7662224006220204
3.01103772820481
3.1595428778444283
2.8031151828101386
2.4918242271568367
2.3172974910175
2.0749956867933763
2.0075329033123497
1.8171072406223514
1.5528441857939954
1.6087576036585332
1.2528058874158665
0.9693729226689445
2.3588074666037433
4.052607762256655
4.078368576799626
3.3291859542551694
2.7564487581483608
2.5293295623252705
2.965808435362554
3.3188708404013267
3.0674073179390744
2.769981235179375
2.4485320584426487
2.2352642431249863
2.2687077048998043
2.0237952008548183
1.9017924892023268
1.9488209412230697
1.376870409849297
1.6378598878596602
3.611052925243665
4.768122753803683
4.179661946092133
3.4693000481899663
3.109568680255566
3.1456802548525715
3.597923191829053
3.6361706288315556
3.223479924560229
2.939310582330027
2.700970273742428
2.5006943604595224
2.3884471603921034
2.1971970346259737
2.056773976503211
1.9321894886041882
1.6441871138455988
1.8271402143681357
3.1230553505343637
4.5424031915722844
4.6298793132580105
3.833348081618423
3.3985493341899318
3.383448866144187
3.562271962191251
3.751405057128424
3.4868018565804255
3.0674121494705857
2.8738463192197905
2.630725533836112
2.4789494765450417
2.360638271256593
2.0257960781715374
1.9708821318899612
1.8352263991620386
1.3078517469105049
2.033536555548732
3.991497891010705
4.765278697526188
4.0530758874215245
3.222394221669747
2.798618075799936
3.0442325293303556
3.58689279364644
3.5439737977218826
3.1302247416422766
2.838531906289824
2.547656730669229
2.3578177102054756
2.288116389705086
2.0947101891605975
1.9436158828034245
1.7883270390914598
1.48398045958795
1.947852060842971
3.5671251802037167
4.740267899311403
4.432254508856632
3.615065130916433
3.220436493949971
3.270316269785891
3.5421074021983863
3.667327108612379
3.398269946397764
2.9685769709427126
2.722741671417704
2.5630780475092223
2.2983580696049786
2.1421251469784695
2.016265809962519
1.7293520478019602
1.649743112172544
1.4652181232458963
1.1466129609540971
2.33404149226382
4.423877908668278
4.632758215110203
3.502886082699054
2.986718677925588
2.9021116968007035
3.1828727627904545
3.598120042237347
3.2723715434907312
2.793883571583655
2.5934149489732183
2.2694238024327964
2.1768607222017495
2.074581273914918
1.7325909610707901
1.783010573824839
1.5309498631269736
1.089186567618731
2.386195667536872
4.39542789308268
4.6434751941459
3.7169845591803683
2.90528644587412
2.558433418495522
2.9979254534416784
3.5092923849214475
3.295546635049597
2.863019861335476
2.53417036192196
2.2295508828634514
2.100071036537333
1.9649592716915865
1.7665671027353507
1.6763390654106645
1.3773620915955709
1.215078098228827
2.3173846923579573
4.11488500344365
4.751866783581521
4.085713406940719
3.3431804404067997
3.040924939675326
3.1728550046152804
3.549660967127034
3.5630787423787886
3.1209063577183933
2.7608660383882326
2.529304472891537
2.260646320845125
2.0811979343545968
1.9244786853239868
1.7446855847804916
1.6227911298179918
1.3259031316114436
1.1463806035604454
2.090201422486468
3.843525651413399
4.637948127324524
3.9530177465605663
3.020643629093987
2.70554369515768
2.944567781506168
3.3779275927380477
3.4119039218527076
2.948365783406137
2.573016551010962
2.372872582456214
2.180356557595687
2.0949649772180416
1.909507978740634
1.6860178380814865
1.6159417955894293
1.4602870266185042
2.091049431833384
3.9624156522838563
4.8406095066210275
3.8811155463039215
3.0265616405928264
2.891635815061688
3.1193441859410176
3.5876326354230037
3.4735785893640228
2.9423478624003594
2.7174685949988517
2.404967534793023
2.198646335624325
2.2091566315123328
1.8582092696221715
1.782671289016981
1.7638150731548747
1.0833046128933317
1.820991974307883
4.283739231595962
5.161754135026239
4.16837892202291
3.4940614142772057
3.2859476650271136
3.3500750191568764
3.7418674896785045
3.6814190460792275
3.1972357261573583
2.909230102611548
2.6530177422641517
2.374289009489206
2.260716701878159
2.079677055936694
1.8523052288049564
1.7875058700834185
1.5574826221222275
1.4379852334547545
2.563502837745758
4.338921602312409
4.676722990356642
3.5932208591489196
2.8466934244809683
2.9312315276713914
3.336530346699799
3.6516216309472185
3.4411008204786455
2.8762040217512044
2.6214699599903404
2.5636608980078917
2.31715705053408
2.190809836019674
2.1723613722409723
1.7604849016706798
1.6534273318653454
2.9688790358111143
4.708635419098519
5.045237285519422
4.230713285501867
3.557287597422066
3.374746438275527
3.633261166424591
4.023434078360365
3.8679557412240495
3.395917399307205
3.191631260937693
2.933050511263159
2.6599791096892043
2.6607225043227865
2.4231911530845913
2.2156007945642706
2.338562569645565
1.793808508948694
1.5787353476616763
3.503214716894642
5.396433390227059
5.065312551604007
4.189368934523229
3.93770099237628
3.8326582474008504
4.045423038824983
4.259154133015229
3.9139409878149998
3.5346296881062105
3.343660768818723
3.0590992923218523
2.858749638050428
2.7472847726901795
2.5150596493106794
2.372832131696057
2.3346784605550557
1.9797185080945416
1.7435456501039153
2.7640358522741497
4.5014508060526754
5.071285924033131
4.314873709968343
3.541539925764778
3.348570715702258
3.7006054223721354
4.115289713724909
3.927177645490098
3.4528829269673906
3.215697659718984
3.0191181994864618
2.876569825230826
2.8035147807473577
2.552450994140954
2.394438380186303
2.31177918641827
2.0738093464255942
2.662187552616203
4.376420616481839
5.392993067264775
4.8389215696800925
4.020695795931534
3.857804510630852
4.048158959621443
4.2390165262996495
4.232235292935869
3.8603738300921036
3.439709792218004
3.2917164498108766
3.0865390824544545
2.837054427879928
2.814969713074104
2.5731729073659126
2.3028238188916297
2.4015952058935155
1.9371791193438876
1.6521597189186865
3.4685559572816276
5.474972758188843
5.201939364111007
4.193231486964213
3.8977404678779517
3.8558712912178508
4.091914285324694
4.314183904183148
3.9410513746044797
3.4772325812127427
3.2687582616244426
3.0058098279815906
2.794747942414971
2.7377201083958425
2.5007895738870722
2.2610234925517942
2.295299572635651
1.9056412089621964
1.458733768791081
2.729537426715592
4.781981968318398
5.097613810983201
4.157406627892008
3.4296727618446914
3.162041204949058
3.5887917084425274
4.071257470089697
3.800758759977824
3.39123937080826
3.125666052839123
2.8589631845957726
2.799730635343235
2.6336886959575954
2.4273111584588243
2.4352882139017824
2.082379806663232
2.003570734024043
3.377052491831772
5.007903281901067
5.25994008393496
4.5408306792746504
3.9496658105393223
3.883281784634286
4.1822129180373455
4.418667125343922
4.2124248869580265
3.794304803848324
3.571681567250399
3.3608114997726553
3.191178533937378
3.1749219210440036
2.8802565678509406
2.6932718748944398
2.786063454980244
2.200480435657799
2.1662556497885963
4.196743688077034
5.856238897750236
5.4307952881482375
4.723200014994405
4.5309123481846365
4.438891741935058
4.680287242847666
4.834765124600087
4.452494341740302
4.085274133607032
3.9219206863266036
3.677700587391197
3.502261855443619
3.4354065187186174
3.1886748394780833
3.029498661607993
3.0492560422534813
2.5846130368661573
2.44336124862523
3.9542849114668197
5.473095336027077
5.251413648122848
4.498452318166748
4.173067071062294
4.1121677972338535
4.425181833175994
4.558430911620418
4.180027731275079
3.895147702391354
3.7173762551421903
3.5472890546444207
3.491293867495719
3.270819100541027
3.1092293162187907
3.0934500332492565
2.766791630135226
2.8407030658971957
3.902602164694344
4.743750205011116
4.581066322618376
4.030931638930317
3.6950105188294255
3.759401817115825
3.9936779684178503
3.9748172817341896
3.7121840231522265
3.443251675971592
3.243739429766487
3.133643498198312
3.0702045188376275
2.931496606093386
2.721838968516183
2.583488153092361
2.4471453856528957
2.1670685896110493
2.2118203065377746
3.082729655758116
4.0342578590496085
4.0601369725605805
3.5730932042068875
3.379122130933183
3.376185850376922
3.3981709483019475
3.4753962223263266
3.342225021584677
3.063148485572434
2.9107913771569827
2.7405876273998055
2.5957880177718233
2.5487900281948503
2.384107143859256
2.256684030671721
2.1344309282795124
1.847418132994181
1.8161642765872372
1.693685173964038
1.2316857111098494
1.8771862106598343
3.3730110497460553
3.565064190420629
2.8231557274598202
2.5332777382052076
2.4691770759313765
2.60050724478797
2.8637287527221362
2.6664073968297672
2.334671274767782
2.210223317757168
2.073197517483062
2.0195244165636326
1.9464977618469033
1.7658486002333071
1.7093984645863374
1.6071255218252571
1.4480519464663888
1.3511459712181728
1.225715769532245
1.7369621423498143
2.882343125581218
3.110144826667241
2.38148774645055
2.058330224450521
2.1603922327537703
2.300042475121424
2.4667904587827207
2.3088492658154873
1.9746492229808275
1.8480753514642858
1.7026223748663836
1.560447102857813
1.5262448068649825
1.3915481690337916
1.2743643149768549
1.172868132974094
0.9787800202729977
0.8756109477698746
0.7208959235942145
0.9210177415487588
2.1298658739648157
3.0192353734349857
2.549136856411354
2.0324272432823047
2.012220982716377
2.001774244190071
2.2083675017275626
2.2983203340577694
1.971852249324686
1.7559398220651636
1.5691323389492304
1.35511580718034
1.340212834613972
1.1926297543822435
1.050277486710399
1.008570277582843
0.7114475967929261
0.6417376907468472
0.6069524007378091
0.10309471554408997
0.6564755268305424
2.3825352523661794
2.8485722800776587
1.989849463290423
1.490314448056756
1.466367133174255
1.7023992884815782
2.082606985057694
1.992781540275617
1.5443665400305724
1.3309780848162152
1.2421452068668508
1.0752159926873792
1.025709369005768
0.9699459015441037
0.7331977325043479
0.7070400866462604
0.6810670938549347
0.24034154222170653
0.6645302658145986
2.3326388061161563
2.977082591795178
2.090620423806038
1.4694019919716919
1.4406218973246387
1.6675208540231612
2.100828615870248
2.0174665226045403
1.5369966117693528
1.391068971346173
1.2624900358691276
1.0690101707966353
1.026898716837155
0.8388626200511111
0.7261339436351546
0.689436292793054
0.3564523593865245
0.7267923441650292
2.2164527470140474
3.1649041150079564
2.894597581112423
2.3448489188939208
2.049807353074548
2.096926282800683
2.3515378950951105
2.4656342278396606
2.317057474490269
1.9727543668716288
1.7279625004000976
1.6681080870475977
1.4618141246113991
1.2989297694325859
1.2566905201736724
0.95633347428333
0.8730682799576532
0.9237141494732725
0.3408825015718786
0.5717164923446951
2.511592601009358
3.6649684009876293
2.9902182335499354
2.2578267941249845
2.0504382686188483
2.1200842287405886
2.558427966855426
2.7212051474091563
2.3055549167487506
1.9686802895676108
1.8321380721312777
1.6746181253473216
1.6335153724287195
1.5543288969932803
1.2911260139175345
1.2309625178131909
1.1931373937651495
0.8740918476737202
1.4300238306846784
3.150248559426027
3.8950604251767107
3.050142723637689
2.372825860447449
2.371303608502104
2.579661817179862
2.904812045962221
2.84705324347566
2.4062235353099792
2.1895843286201004
2.0283594241469647
1.8153786780704315
1.7529289706018958
1.5895863312014813
1.4339403392183097
1.365755591829343
1.0378745418952378
1.2362898642127267
2.656183928912099
3.9131559470634576
3.864748927760384
3.213253620526464
2.768756649616295
2.7262052223814117
2.976239190291078
3.1312583309168938
2.978535174852695
2.627494599895407
2.3179254462825427
2.1788788339961256
1.992556904751162
1.7707064895163305
1.6744548995784747
1.4620498191880693
1.321510908096069
1.3150102606569454
0.9289068452712546
1.2902541518508581
3.1669833248012713
4.1242173335317815
3.2218767288765533
2.481405490850624
2.3757578109890467
2.594296487411461
3.1412403452373834
3.0405647487482983
2.4936782076818274
2.3431053074277677
2.0869656765999087
1.9244291471531383
1.9579762338764803
1.5821505227520443
1.5517105159749076
1.55203637049944
0.8585850450112829
1.631538175546103
3.8945686037098337
4.524838960218389
3.6180469347798714
3.0708197379447197
2.9689130838735225
