0.00780147777028
0.0089378969337
0.00870629129417
0.00696684646285
0.00490210182321
0.00224701273066
0.000261215269393
-0.000762426974098
-0.00160636470649
-0.00266487134122
-0.00418962022778
-0.00538432838445
-0.00674559628869
-0.00813757118636
-0.00896237500119
-0.00943200874996
-0.00919882977906
-0.00925187114753
-0.0088056699556
-0.00433146515954
0.00339491362049
0.00957285697568
0.01182170807
0.011171769609
0.00959414216777
0.00764754664475
0.00500220761569
0.0029696827718
0.00200066754657
0.000962768310364
-0.000266143411566
-0.00184548747614
-0.00346055760346
-0.00463801264524
-0.00588356044726
-0.00690275341182
-0.00732597692111
-0.00753794226987
-0.00804562130254
-0.00758029657904
-0.00291153341457
0.00498227395176
0.0106957051413
0.0118680955256
0.0105033719899
0.00844039187652
0.00587066837672
0.00348145889675
0.00190087622425
0.000951342684204
0.000187905509931
-0.00122914009748
-0.00305493470353
-0.00473902738122
-0.00617784697702
-0.0070692005334
-0.0076492352711
-0.00774608256244
-0.0078219571933
-0.00788533399185
-0.00479636562834
0.00223235704865
0.00899761427994
0.0120713168708
0.0119482269393
0.0103504485073
0.00796707145893
0.00523478289042
0.0028111464548
0.00119142100598
-5.7826610053e-05
-0.00140802559739
-0.00284870166803
-0.00448821647243
-0.0059876820028
-0.00731631213235
-0.00838462349632
-0.00889898578676
-0.00893306166231
-0.00887378888524
-0.0088023732009
-0.00570309299311
0.00181202789183
0.00917282794653
0.012526856208
0.0124465481374
0.0111036174803
0.00896580852514
0.00601608146171
0.00359745438381
0.00201719136814
0.000701975180685
-0.00042896823103
-0.00179956952816
-0.0037288982353
-0.00532134364009
-0.00614161889142
-0.00696018767862
-0.0077462115073
-0.00789014263531
-0.00779156099977
-0.0076100512135
-0.00447836984142
0.00292796787095
0.00980010848402
0.0123546111055
0.0116464482602
0.00945848531757
0.0067107782653
0.00394484756905
0.00188100313263
0.000826564548506
9.50215488252e-05
-0.000847795729118
-0.0021185409549
-0.00378683141597
-0.00532006610431
-0.00631783743746
-0.00700225553918
-0.00735869382329
-0.00740935559154
-0.00757038503082
-0.00764138712276
-0.00502235003556
0.00182409020978
0.00891836293021
0.01202960429
0.0114156246149
0.00925964427376
0.00682532153462
0.00432796552852
0.00228573832635
0.00104100058745
2.50897045921e-05
-0.00130571855453
-0.0026015325786
-0.00366781602877
-0.00512964468808
-0.00657688978741
-0.00744084943181
-0.00785819937706
-0.00786865869735
-0.00817562582288
-0.00698073496855
-0.00108659932746
0.00671976316553
0.0113511611014
0.0121835653356
0.0108102831165
0.00845983886673
0.00567855651673
0.00301431666804
0.00141889437581
0.000757218670654
-0.000133392393657
-0.00163346698623
-0.003069783554
-0.00445534096771
-0.00602436003798
-0.00720123645905
-0.00788946647688
-0.00802883236572
-0.00819021699515
-0.00814836645602
-0.00445134997782
0.0031246685529
0.00975384014091
0.0123364568179
0.011561811552
0.00967270212732
0.00725486445944
0.00423517489418
0.00189432207257
0.000513795329662
-0.000405728720761
-0.00121021865778
-0.00253570718053
-0.00419736133761
-0.00567681565954
-0.00688444010903
-0.00781936260426
-0.00825304574822
-0.00790724104664
-0.00796525063481
-0.00817103237018
-0.00463498213929
0.00317778965994
0.0102635098362
0.012932751666
0.0119867094455
0.00992325456717
0.00774673677416
0.00533510253942
0.0030699397536
0.00149785809088
0.000248684363859
-0.00120443982009
-0.00274547052749
-0.00415534175594
-0.00526959932504
-0.00642666365375
-0.00748741859866
-0.00795839153446
-0.00821771694003
-0.00845087626158
-0.00772933458234
-0.00300589573965
0.00542961569022
0.0113391694456
0.0125358089775
0.0114813575756
0.00937623383764
0.00663154794002
0.00353090600831
0.00144595427882
0.000738808933285
-0.000295935569731
-0.0017474308781
-0.00313604685572
-0.00479339886951
-0.00629967134966
-0.00712724165744
-0.00761041219524
-0.00792425169611
-0.00824259865036
-0.0086090981208
-0.00618056399048
0.000948256437473
0.00858313123044
0.0123261248276
0.0124061845663
0.0105801425229
0.00782369032171
0.0045486940712
0.00155045713332
4.50220509998e-05
-0.000440880674866
-0.00135823267398
-0.00273637980077
-0.00449203128856
